0	-117.6027	161.5286        70.5128
1	-82.9727	87.7585	        107.0592
2	-117.6027	72.2113 	106.0432
3	-92.2141	80.0949	        116.0134
4	-86.2138	96.987   	122.6796
5	-102.6702	75.0957 	108.7022
6	-58.8401	129.0492	72.169
7	-75.3688	91.5178 	93.905
8	-97.0844	22.4057 	115.8543
9	-101.1874	18.6077 	127.3053
10	-111.0116	13.8925 	122.3735
11	-80.4636	34.4474 	181.3088
12	-77.5616	36.7561 	178.5367
13	-77.7447	36.7908 	181.315
14	-80.5962	81.618  	127.0584
15	-74.0963	78.7615 	146.303
16	-76.8562	69.8276 	132.932
17	-117.6026	167.5667	208.4416
18	-102.7885	166.0207	209.1254
19	-100.1408	169.9447	175.3243
20	-42.1092	60.4761 	81.3805
21	-56.6174	55.8523 	97.0375
22	-86.0716	31.6544 	125.2093
23	-89.0945	36.8285 	116.6703
24	-80.0371	58.1132 	127.5109
25	-77.0265	48.2727 	135.5134
26	-117.6027	12.5849 	127.4737
27	-107.978	14.6546 	128.1874
28	-84.7556	19.9734 	167.2845
29	-92.3136	17.6273 	168.0289
30	-92.4462	15.9385 	160.9585
31	-86.7941	18.0787 	158.0918
32	-112.0702	4.5851  	166.5819
33	-117.6026	1.2699  	169.3255
34	-117.6026	-1.622  	166.3925
35	-82.67  	25.3657 	183.5656
36	-84.2422	24.691  	183.3201
37	-83.333	        25.7276 	183.0405
38	-94.0756	16.451  	189.4954
39	-87.7159	17.4412 	188.5503
40	-88.5813	20.8654 	189.7768
41	-94.5847	19.4763 	190.3731
42	-117.6026	151.9025	240.7044
43	-117.6026	-5.7115 	160.6589
44	-117.6027	-4.4443 	155.4525
45	-107.5308	26.5638	        182.5959
46	-109.8745	20.5023 	183.8045
47	-112.8886	17.2452 	183.5514
48	-108.8566	20.898  	178.1633
49	-113.1682	11.4957 	197.2136
50	-117.6026	9.7679  	198.2009
51	-117.6026	11.743  	184.7535
52	-113.2999	14.5063 	187.1457
53	-108.9162	5.2639  	153.0047
54	-111.9566	0.324   	152.5259
55	-111.4518	10.3085 	154.4777
56	-78.0846	26.677  	210.5444
57	-71.0253	40.6269 	209.5703
58	-82.3569	29.4477 	227.3536
59	-95.4492	14.9314 	212.2147
60	-94.7977	31.1448 	110.6818
61	-104.7611	16.6067	        113.6709
62	-71.592	        76.2475 	150.7009
63	-74.1085	59.3035 	144.0943
64	-60.8426	18.0937 	202.4934
65	-82.5756	2.9115  	243.8989
66	-100.5051	27.1536 	246.3983
67	-92.1846	4.8398  	251.9315
68	-105.335	18.2658 	169.1086
69	-95.1676	23.6697 	136.7386
70	-94.3393	20.7344 	138.71
71	-106.2164	24.7663 	184.7494
72	-106.4461	24.5737 	185.1137
73	-117.6026	8.8373  	137.8808
74	-113.2304	8.4965  	141.153
75	-117.6026	10.9556 	141.7483
76	-110.1463	19.9202 	106.5266
77	-105.2805	38.9664 	104.4903
78	-80.0959	52.4626 	261.6382
79	-105.5642	56.5368 	269.9843
80	-100.5313	16.4222 	261.1239
81	-59.9634	67.3755 	111.4149
82	-101.3902	24.2859 	107.7435
83	-79.4631	26.6589 	150.7464
84	-78.6319	38.9015 	144.6472
85	-74.3109	50.158  	153.4567
86	-75.6971	37.0357 	167.2658
87	-89.5205	21.447  	142.1607
88	-117.6026	6.7981  	149.9032
89	-113.4608	7.1187  	151.4571
90	-84.7632	21.4322 	181.8792
91	-58.2926	59.8089 	169.7059
92	-59.3384	47.2038 	182.7644
93	-66.6042	56.965  	187.0923
94	-85.6657	20.6968 	185.6827
95	-84.2821	20.2033 	185.7401
96	-117.6027	10.6568 	181.1851
97	-114.745	11.8125 	181.406
98	-97.8002	18.607	        140.0077
99	-104.1681	12.5364 	137.0068
100	-105.4694	11.5685 	213.4245
101	-117.6027	16.1917 	105.978
102	-114.2232	12.4202 	110.8982
103	-117.6026	11.743  	116.9846
104	-67.4605	76.3274 	159.278
105	-61.2173	101.2373	242.4848
106	-117.6027	35.7991 	102.4322
107	-103.8781	14.0544 	153.5637
108	-106.9894	8.5441  	159.9955
109	-106.0838	10.9509 	153.791
110	-87.7383	17.5232 	187.7519
111	-100.6201	18.1989 	187.8478
112	-100.8039	18.0246 	188.0785
113	-107.402	11.0097 	141.4141
114	-100.0352	15.6681 	151.2441
115	-107.0934	12.5576 	151.927
116	-76.7543	35.1545 	186.1617
117	-80.7819	29.6962 	186.0635
118	-63.1405	94.9611 	179.7818
119	-64.9391	100.1941	175.8748
120	-52.5587	85.3583	        156.8768
121	-98.1384	51.1371 	109.9318
122	-87.0086	64.8829 	120.3575
123	-95.6919	20.2974 	130.5256
124	-117.6026	9.5189  	212.8601
125	-100.4261	15.1693 	165.5306
126	-100.692	20.4794 	172.9419
127	-109.1003	7.7514  	163.1747
128	-107.6859	5.2745  	159.0653
129	-84.5761	21.5995 	181.4591
130	-87.4695	19.4292 	180.6523
131	-85.8016	22.0508 	175.5977
132	-82.6578	26.8641 	177.9504
133	-117.6026	12.4099 	120.2796
134	-89.8509	16.0931 	200.9991
135	-81.7099	22.6061 	198.2058
136	-85.615 	21.713  	182.2208
137	-117.6027	0.5288	152.394
138	-78.7251	29.7097	169.5283
139	-106.9985	13.0848	196.2109
140	-85.6944	30.1117	134.4317
141	-64.2601	82.5755	171.3613
142	-67.9926	63.9651	170.5977
143	-49.6576	77.4318	219.5146
144	-62.8506	120.5391	222.7351
145	-64.4839	83.4728	180.8536
146	-91.4972	24.1728	119.871
147	-82.7803	27.1187	182.8793
148	-117.6026	13.4149	122.4392
149	-82.9774	161.1578	187.2641
150	-53.7384	138.8508	175.7343
151	-58.2014	80.6835	125.6886
152	-43.7752	101.9	108.2045
153	-112.4898	8.0026	173.2475
154	-117.6026	6.4562	174.9013
155	-111.2808	1.7367	162.7226
156	-110.8533	0.4659	157.2882
157	-88.0035	20.1759	186.9713
158	-107.4753	17.0822	187.7126
159	-117.6026	13.0721	232.8705
160	-117.6026	25.3993	247.4385
161	-84.02	20.1871	185.9351
162	-106.257	10.2767	137.1597
163	-74.119	139.2315	240.3014
164	-74.0993	126.1556	249.9107
165	-105.7946	14.8689	192.7193
166	-85.7657	20.6194	192.4729
167	-83.76	23.5579	187.8217
168	-107.2576	11.6668	162.5152
169	-111.6531	11.0611	150.8922
170	-108.0092	26.7933	183.5072
171	-117.6027	177.5714	166.1808
172	-73.1765	45.5475	177.654
173	-109.5202	14.0852	171.946
174	-92.4197	17.9249	179.2794
175	-101.0848	19.4602	180.1167
176	-92.1357	20.0035	171.955
177	-72.6933	49.843	188.2105
178	-78.4765	32.2027	194.7684
179	-80.9898	26.1307	190.0527
180	-113.1026	8.0709	137.1354
181	-117.6027	126.1204	261.636
182	-95.1589	124.4025	258.6564
183	-102.8563	150.3163	238.7292
184	-93.8988	16.4576	188.6158
185	-102.0842	13.9998	140.6282
186	-46.2188	92.0462	201.8579
187	-55.525	74.4782	159.6227
188	-91.0597	159.7027	141.0228
189	-117.6027	162.1727	118.938
190	-102.6955	16.2429	130.6716
191	-95.0773	15.7229	151.2957
192	-117.6026	8.6866	148.4915
193	-114.5303	9.9697	149.6173
194	-101.0278	19.3077	180.6811
195	-100.9288	20.5476	181.0692
196	-104.9202	27.0676	182.7527
197	-66.9247	39.7736	198.298
198	-117.6027	26.4345	253.898
199	-117.6026	96.013	269.7491
200	-93.8158	15.7696	198.6725
201	-94.8882	16.2665	193.6829
202	-100.8822	19.2446	187.8642
203	-94.0005	17.6118	187.931
204	-96.2434	19.4117	230.022
205	-96.8696	22.2258	134.917
206	-82.3344	26.4282	183.8797
207	-87.588	19.3748	181.002
208	-89.9138	25.849	138.0318
209	-45.3279	144.9238	153.5901
210	-52.097	88.8693	147.2152
211	-117.6026	170.719	138.2677
212	-115.2061	-5.2545	159.9753
213	-115.2147	-4.0371	156.0602
214	-89.5533	20.546	181.1851
215	-108.9907	17.9217	185.5605
216	-83.5363	22.1268	197.1364
217	-94.7453	20.403	144.2251
218	-92.4341	17.7954	179.8087
219	-108.5206	12.606	152.7294
220	-52.9624	111.4413	204.2004
221	-117.6027	8.6455	135.8498
222	-84.4829	157.523	212.2397
223	-100.6985	13.8526	157.1626
224	-104.8925	12.4249	160.6758
225	-104.8691	26.9476	183.5646
226	-98.9167	14.2803	200.2742
227	-90.6231	17.8278	187.4655
228	-92.8817	19.4126	180.5531
229	-77.7185	32.3565	195.7303
230	-104.0749	12.4177	136.2213
231	-117.6027	10.9095	133.6544
232	-117.6026	8.844	134.8347
233	-111.7253	11.6878	133.7111
234	-100.4452	19.4366	133.7573
235	-97.8264	20.9782	135.6954
236	-108.9865	12.7944	134.5526
237	-104.1212	16.1174	135.0676
238	-111.9902	8.4235	136.061
239	-117.6027	8.6084	135.549
240	-108.7362	12.0399	132.1935
241	-104.8983	15.0528	134.2863
242	-117.6026	10.6194	131.7902
243	-117.6026	11.0778	134.1336
244	-115.4331	8.2711	136.7065
245	-109.244	8.9108	137.208
246	-101.9034	15.5428	137.0859
247	-102.0591	15.7121	136.2557
248	-115.1015	11.1503	133.7031
249	-115.1018	8.0126	135.9759
250	-109.2852	12.4935	133.8452
251	-108.8417	9.3518	136.1459
252	-102.3118	15.9236	135.3925
253	-102.9334	16.8931	134.602
254	-104.6124	12.7486	135.1921
255	-111.6445	9.3177	135.0862
256	-108.986	10.5474	135.0429
257	-114.8583	8.6995	135.0103
258	-106.2368	10.6359	136.2072
259	-106.8242	11.3193	135.1
260	-107.2679	13.3958	133.985
261	-103.5746	14.9823	133.0572
262	-114.1962	13.244	127.5005
263	-105.3287	15.2407	129.1575
264	-106.6403	14.0825	134.6779
265	-108.4627	12.2776	129.9007
266	-105.9598	13.0835	130.4927
267	-106.2256	13.0847	132.4068
268	-113.9954	11.0243	131.8128
269	-114.1302	11.36	129.4302
270	-117.6027	11.503	129.295
271	-114.1843	11.3687	134.2747
272	-101.0772	18.8379	135.8681
273	-103.0565	15.0603	131.6285
274	-100.6904	18.5975	135.2236
275	-111.6304	11.8823	134.4419
276	-111.448	11.4038	131.9735
277	-111.2425	11.6537	129.7643
278	-111.1074	13.9164	127.8361
279	-105.42	10.0976	158.4786
280	-104.3125	12.7209	157.3383
281	-53.1094	126.3285	202.2166
282	-67.2503	128.1827	232.2388
283	-42.7929	91.4824	72.9569
284	-117.6027	165.2574	88.9794
285	-117.6027	189.9963	71.6297
286	-59.703	95.3961	179.6522
287	-60.3261	101.3669	176.0971
288	-60.8979	97.7221	174.1046
289	-59.4197	99.106	174.4018
290	-58.8176	94.4103	177.2649
291	-60.9052	93.396	176.2886
292	-60.77	88.7272	173.6396
293	-61.9943	87.5509	174.5064
294	-60.865	88.4496	169.1039
295	-62.3098	85.4611	168.3749
296	-60.1553	86.2485	175.1756
297	-64.2827	84.2638	157.9682
298	-66.3097	86.873	160.2919
299	-66.194	83.8505	161.3822
300	-64.9548	80.6245	159.2514
301	-63.9059	87.6974	164.0411
302	-65.0541	84.8111	163.7155
303	-60.9954	90.0361	165.3404
304	-62.8787	96.1735	155.1898
305	-59.864	104.9412	168.8233
306	-59.0137	101.4045	167.8195
307	-61.9545	93.53	156.6838
308	-64.8294	86.7022	151.34
309	-71.8003	78.2342	146.3937
310	-67.9609	77.6911	150.3319
311	-67.7539	88.2293	148.466
312	-59.9403	99.6518	168.2023
313	-60.8282	96.9312	173.2027
314	-60.0604	98.4482	167.8441
315	-63.7413	82.1287	163.8992
316	-62.2806	88.9609	160.185
317	-59.9499	85.2759	177.0869
318	-60.8685	92.6131	175.1514
319	-105.2684	8.1048	155.7726
320	-104.25	11.2871	155.0558
321	-78.1982	27.3427	161.7448
322	-80.9182	21.9233	158.5876
323	-61.3922	100.0472	159.4688
324	-69.5269	150.0262	212.6902
325	-71.188	153.6921	200.5706
326	-75.2678	145.6586	224.6565
327	-79.2309	150.7682	69.7718
328	-103.8559	22.657	126.9156
329	-107.7608	20.7953	126.3963
330	-103.1941	21.9838	149.463
331	-117.6027	15.3994	147.2614
332	-98.606	28.5188	135.7539
333	-106.977	17.9734	149.3043
334	-112.5767	19.4793	125.9961
335	-117.6026	18.6181	125.7196
336	-94.2411	55.6408	123.8626
337	-94.9717	54.6057	149.5579
338	-93.837	54.318	139.169
339	-92.986	34.8427	183.1295
340	-67.1334	53.1559	243.3629
341	-64.0193	72.2141	242.3882
342	-67.2169	8.1933	217.8061
343	-67.4126	87.8155	250.8162
344	-152.2327	87.7585	107.0591
345	-142.9913	80.0949	116.0134
346	-148.9915	96.987	122.6795
347	-132.5352	75.0957	108.7022
348	-176.3653	129.0492	72.169
349	-159.8366	91.5177	93.905
350	-138.1209	22.4057	115.8543
351	-134.0179	18.6077	127.3053
352	-124.1937	13.8925	122.3736
353	-154.7418	34.4474	181.3088
354	-157.6437	36.7561	178.5366
355	-157.4606	36.7908	181.315
356	-154.6091	81.618	127.0584
357	-161.109	78.7615	146.303
358	-158.3491	69.8276	132.932
359	-132.4168	166.0207	209.1254
360	-135.0645	169.9447	175.3243
361	-193.0965	60.476	81.3806
362	-178.588	55.8522	97.0374
363	-149.1337	31.6544	125.2093
364	-146.1108	36.8285	116.6703
365	-155.1682	58.1132	127.5109
366	-158.1788	48.2727	135.5134
367	-127.2273	14.6546	128.1875
368	-150.4497	19.9734	167.2845
369	-142.8917	17.6273	168.0288
370	-142.7591	15.9385	160.9585
371	-148.4113	18.0787	158.0918
372	-123.1351	4.5851	166.5819
373	-152.5353	25.3657	183.5656
374	-150.9631	24.691	183.3201
375	-151.8723	25.7276	183.0405
376	-141.1297	16.451	189.4954
377	-147.4894	17.4412	188.5503
378	-146.6241	20.8654	189.7769
379	-140.6205	19.4763	190.3731
380	-127.6745	26.5638	182.5959
381	-125.3307	20.5023	183.8045
382	-122.3167	17.2452	183.5514
383	-126.3487	20.898	178.1633
384	-122.0371	11.4957	197.2136
385	-121.9054	14.5063	187.1457
386	-126.2891	5.2639	153.0047
387	-123.2487	0.324	152.5259
388	-123.7535	10.3084	154.4777
389	-157.1207	26.677	210.5444
390	-164.18	40.6269	209.5703
391	-152.8483	29.4477	227.3536
392	-139.7561	14.9314	212.2147
393	-140.4076	31.1448	110.6817
394	-130.4442	16.6067	113.6709
395	-163.6133	76.2475	150.7009
396	-161.0968	59.3035	144.0943
397	-174.3627	18.0937	202.4935
398	-152.6297	2.9115	243.8989
399	-134.7002	27.1536	246.3982
400	-143.0208	4.8397	251.9315
401	-129.8703	18.2658	169.1086
402	-140.0377	23.6697	136.7386
403	-140.866	20.7344	138.7099
404	-128.9889	24.7663	184.7494
405	-128.7592	24.5737	185.1137
406	-121.9748	8.4965	141.153
407	-125.0589	19.9202	106.5266
408	-129.9248	38.9664	104.4903
409	-155.1094	52.4626	261.6382
410	-129.6411	56.5368	269.9843
411	-134.674	16.4221	261.1239
412	-175.2419	67.3755	111.4149
413	-133.8151	24.2859	107.7434
414	-155.7422	26.6589	150.7463
415	-156.5734	38.9015	144.6473
416	-160.8944	50.158	153.4566
417	-159.5083	37.0357	167.2658
418	-145.6848	21.4469	142.1607
419	-121.7444	7.1187	151.4571
420	-150.4421	21.4322	181.8792
421	-176.9127	59.809	169.7059
422	-175.8669	47.2038	182.7644
423	-168.6011	56.965	187.0922
424	-149.5396	20.6968	185.6826
425	-150.9232	20.2033	185.7402
426	-120.4603	11.8126	181.406
427	-137.4052	18.607	140.0076
428	-131.0372	12.5364	137.0068
429	-129.7359	11.5685	213.4244
430	-120.982	12.4201	110.8982
431	-167.7449	76.3275	159.278
432	-173.9881	101.2373	242.4846
433	-131.3272	14.0544	153.5637
434	-128.2158	8.5441	159.9955
435	-129.1215	10.9509	153.7909
436	-147.467	17.5232	187.7518
437	-134.5852	18.1989	187.8477
438	-134.4014	18.0247	188.0785
439	-127.8033	11.0097	141.4141
440	-135.1701	15.6681	151.2441
441	-128.1119	12.5577	151.927
442	-158.451	35.1544	186.1617
443	-154.4234	29.6962	186.0635
444	-172.0649	94.9611	179.7818
445	-170.2662	100.1941	175.8748
446	-182.6466	85.3583	156.8767
447	-137.0669	51.1371	109.9318
448	-148.1967	64.8829	120.3575
449	-139.5134	20.6355	130.5256
450	-134.7792	15.1694	165.5306
451	-134.5133	20.4794	172.9419
452	-126.105	7.7514	163.1747
453	-127.5194	5.2745	159.0653
454	-150.6292	21.5995	181.4591
455	-147.7358	19.4292	180.6522
456	-149.4037	22.0508	175.5976
457	-152.5475	26.8641	177.9504
458	-145.3544	16.0931	200.9991
459	-153.4954	22.6061	198.2058
460	-149.5903	21.713	182.2208
461	-156.4802	29.7097	169.5282
462	-128.2068	13.0848	196.2109
463	-149.5109	30.1117	134.4316
464	-170.9452	82.5755	171.3613
465	-167.2128	63.9651	170.5977
466	-185.5477	77.4318	219.5146
467	-172.3547	120.5391	222.7351
468	-170.7215	83.4728	180.8536
469	-143.7081	24.1729	119.8709
470	-152.4251	27.1187	182.8793
471	-152.2279	161.1578	187.264
472	-181.4669	138.8508	175.7342
473	-177.0039	80.6835	125.6886
474	-191.4302	101.8999	108.2044
475	-122.7155	8.0026	173.2475
476	-123.9245	1.7367	162.7226
477	-124.352	0.4659	157.2882
478	-147.2018	20.1759	186.9713
479	-127.73	17.0823	187.7124
480	-151.1853	20.1871	185.9351
481	-128.9483	10.2768	137.1597
482	-161.0863	139.2315	240.3014
483	-161.106	126.1556	249.9106
484	-129.4107	14.8689	192.7193
485	-149.4396	20.6194	192.4728
486	-151.4453	23.558	187.8217
487	-127.9477	11.6668	162.5152
488	-123.5523	11.0611	150.8922
489	-127.1961	26.7933	183.5073
490	-162.0288	45.5475	177.654
491	-125.6851	14.0853	171.946
492	-142.7856	17.9248	179.2794
493	-134.1206	19.4602	180.1167
494	-143.0696	20.0035	171.955
495	-162.512	49.843	188.2104
496	-156.7288	32.2027	194.7683
497	-154.2155	26.1307	190.0527
498	-122.1027	8.0709	137.1354
499	-140.0464	124.4025	258.6564
500	-132.349	150.3163	238.7292
501	-141.3065	16.4576	188.6158
502	-133.1211	13.9998	140.6282
503	-188.9865	92.0461	201.8579
504	-179.6803	74.4783	159.6226
505	-144.1456	159.7027	141.0228
506	-132.5099	16.2429	130.6717
507	-140.1281	15.7229	151.2957
508	-120.675	9.9697	149.6173
509	-134.1775	19.3077	180.6812
510	-134.2766	20.5476	181.0691
511	-130.2851	27.0676	182.7527
512	-168.2806	39.7736	198.2979
513	-141.3895	15.7696	198.6725
514	-140.3171	16.2666	193.6829
515	-134.3231	19.2446	187.8642
516	-141.2048	17.6118	187.931
517	-138.9619	19.4117	230.0219
518	-138.3357	22.2258	134.917
519	-152.8708	26.4282	183.8797
520	-147.6173	19.3748	181.0019
521	-145.2915	25.849	138.0317
522	-189.8775	144.9238	153.5901
523	-183.1083	88.8693	147.2152
524	-119.9992	-5.2545	159.9753
525	-119.9906	-4.0371	156.0602
526	-145.652	20.546	181.185
527	-126.2146	17.9218	185.5605
528	-151.6691	22.1268	197.1364
529	-140.46	20.403	144.2251
530	-142.7712	17.7955	179.8087
531	-126.6848	12.606	152.7294
532	-182.2429	111.4413	204.2004
533	-150.7224	157.523	212.2397
534	-134.5068	13.8526	157.1626
535	-130.3128	12.4249	160.6758
536	-130.3362	26.9476	183.5646
537	-136.2885	14.2803	200.2742
538	-144.5823	17.8278	187.4655
539	-142.3236	19.4126	180.5531
540	-157.4867	32.3564	195.7304
541	-131.1304	12.4178	136.2213
542	-123.48	11.6878	133.7112
543	-134.5802	19.4751	133.4715
544	-137.379	20.9782	135.593
545	-126.2187	12.7944	134.5527
546	-131.0841	16.1174	134.9863
547	-123.2151	8.4235	136.061
548	-126.4691	12.0399	132.1935
549	-130.307	15.0528	134.2863
550	-119.7722	8.2711	136.7065
551	-125.9613	8.9108	137.208
552	-133.3019	15.5427	137.0859
553	-133.1462	15.7121	136.2556
554	-120.1037	11.1504	133.7031
555	-120.1035	8.0126	135.9759
556	-125.9201	12.4935	133.8451
557	-126.3636	9.3518	136.1459
558	-132.6525	15.9237	135.3437
559	-132.2719	17.0559	134.7465
560	-130.5929	12.7487	135.1922
561	-123.5608	9.3177	135.0862
562	-126.2193	10.5474	135.043
563	-120.347	8.6995	135.0103
564	-128.9685	10.6359	136.2072
565	-128.381	11.3193	135.1001
566	-127.9374	13.3958	133.9849
567	-131.6307	14.9823	133.0571
568	-121.009	13.244	127.5005
569	-129.8766	15.2406	129.1575
570	-128.5649	14.0825	134.6779
571	-126.7426	12.2777	129.9006
572	-129.2455	13.0835	130.4927
573	-128.9796	13.0847	132.4069
574	-121.2099	11.0243	131.8128
575	-121.0751	11.36	129.4302
576	-121.0209	11.3687	134.2747
577	-133.9878	18.5721	135.4631
578	-132.1487	15.0604	131.6285
579	-134.0237	18.348	134.7884
580	-123.5749	11.8823	134.4419
581	-123.7573	11.4038	131.9734
582	-123.9628	11.6537	129.7643
583	-124.0979	13.9164	127.8361
584	-129.7853	10.0976	158.4786
585	-130.8928	12.7209	157.3383
586	-182.0959	126.3285	202.2166
587	-167.955	128.1827	232.2388
588	-192.4124	91.4824	72.9569
589	-175.5023	95.3961	179.6522
590	-174.8793	101.3669	176.0971
591	-174.3074	97.7221	174.1046
592	-175.7856	99.1057	174.4017
593	-176.3877	94.4104	177.2649
594	-174.3001	93.396	176.2886
595	-174.4353	88.7272	173.6396
596	-173.211	87.5509	174.5064
597	-174.3403	88.4496	169.1039
598	-172.8955	85.4611	168.3749
599	-175.05	86.2485	175.1755
600	-170.9226	84.2638	157.9682
601	-168.8956	86.873	160.2919
602	-169.0113	83.8505	161.3822
603	-170.2505	80.6245	159.2513
604	-171.2995	87.6974	164.041
605	-170.1512	84.8111	163.7155
606	-174.2099	90.0361	165.3403
607	-172.3266	96.1735	155.1898
608	-175.3413	104.9412	168.8233
609	-176.1916	101.4045	167.8195
610	-173.2509	93.53	156.6837
611	-170.3758	86.7022	151.34
612	-163.405	78.2342	146.3937
613	-167.2444	77.6911	150.3319
614	-167.4514	88.2293	148.466
615	-175.265	99.6517	168.2023
616	-174.3771	96.9312	173.2026
617	-175.1449	98.4482	167.844
618	-171.464	82.1287	163.8992
619	-172.9247	88.9608	160.185
620	-175.2554	85.2759	177.087
621	-174.3369	92.6131	175.1514
622	-129.9369	8.1048	155.7726
623	-130.9553	11.2871	155.0558
624	-157.0071	27.3427	161.7448
625	-154.2871	21.9233	158.5876
626	-173.8132	100.0472	159.4688
627	-165.6784	150.0262	212.6902
628	-164.0173	153.6921	200.5705
629	-159.9375	145.6586	224.6566
630	-155.9745	150.7682	69.7719
631	-131.3494	22.657	126.9155
632	-127.4445	20.7953	126.3963
633	-132.4053	22.8351	149.4629
634	-136.5994	28.5188	135.7539
635	-128.2283	17.9734	149.3043
636	-122.6286	19.4793	125.9961
637	-140.9642	55.6408	123.8626
638	-140.2336	54.6057	149.5439
639	-142.2956	54.3181	139.1689
640	-142.2193	34.8427	183.1296
641	-168.0719	53.1558	243.3628
642	-171.186	72.2141	242.3882
643	-167.9884	8.1932	217.8061
644	-167.7928	87.8155	250.8162
645	-95.392	19.3174	185.0879
646	-95.392	20.8992	190.2616
647	-98.0049	20.8747	189.5618
648	-99.9176	20.8079	187.6502
649	-100.6177	20.7168	185.0389
650	-99.9176	20.6256	182.4278
651	-98.0049	20.5588	180.5162
652	-95.392	20.5344	179.8165
653	-92.7792	20.5588	180.5161
654	-90.8664	20.6256	182.4278
655	-90.1663	20.7168	185.039
656	-90.8665	20.8079	187.6502
657	-92.7792	20.8747	189.5618
658	-95.392	24.8558	193.9511
659	-99.9176	24.8135	192.7392
660	-103.2306	24.6978	189.4283
661	-104.4432	24.5399	184.9054
662	-103.2306	24.382	180.3826
663	-99.9176	24.2663	177.0718
664	-95.392	24.2241	175.8598
665	-90.8664	24.2663	177.0717
666	-87.5535	24.382	180.3826
667	-86.3409	24.5399	184.9055
668	-87.5535	24.6978	189.4283
669	-90.8664	24.8135	192.7392
670	-95.392	30.1272	195.1683
671	-100.6177	30.0783	193.7686
672	-104.4432	29.9448	189.9456
673	-105.8434	29.7624	184.7231
674	-104.4432	29.58	179.5006
675	-100.6177	29.4465	175.6775
676	-95.392	29.3977	174.2779
677	-90.1663	29.4465	175.6775
678	-86.3409	29.5801	179.5006
679	-84.9406	29.7624	184.7231
680	-86.3409	29.9448	189.9456
681	-90.1663	30.0783	193.7686
682	-95.392	30.1272	195.1683
683	-100.6177	30.0783	193.7686
684	-104.4432	29.9448	189.9456
685	-105.8434	29.7624	184.7231
686	-104.4432	29.58	179.5006
687	-100.6177	29.4465	175.6775
688	-95.392	29.3977	174.2779
689	-90.1663	29.4465	175.6775
690	-86.3409	29.5801	179.5006
691	-84.9406	29.7624	184.7231
692	-86.3409	29.9448	189.9456
693	-90.1663	30.0783	193.7686
694	-139.3804	19.3198	185.1566
695	-139.3804	20.9015	190.3303
696	-141.9932	20.8771	189.6307
697	-143.906	20.8103	187.7189
698	-144.6061	20.7191	185.1076
699	-143.906	20.628	182.4965
700	-141.9933	20.5612	180.5849
701	-139.3804	20.5368	179.8853
702	-136.7675	20.5612	180.5849
703	-134.8548	20.628	182.4965
704	-134.1547	20.7191	185.1076
705	-134.8548	20.8103	187.7189
706	-136.7675	20.8771	189.6306
707	-139.3804	24.8582	194.0199
708	-143.906	24.8159	192.808
709	-147.2189	24.7002	189.497
710	-148.4316	24.5423	184.9743
711	-147.219	24.3844	180.4512
712	-143.906	24.2688	177.1405
713	-139.3804	24.2264	175.9286
714	-134.8548	24.2687	177.1405
715	-131.5419	24.3844	180.4512
716	-130.3292	24.5423	184.9743
717	-131.5419	24.7002	189.497
718	-134.8548	24.8158	192.808
719	-139.3804	30.1295	195.2369
720	-144.6061	30.0807	193.8374
721	-148.4315	29.9472	190.0143
722	-149.8318	29.7648	184.7919
723	-148.4316	29.5825	179.5693
724	-144.6061	29.4489	175.7462
725	-139.3804	29.4001	174.3467
726	-134.1547	29.4489	175.7462
727	-130.3292	29.5825	179.5693
728	-128.929	29.7648	184.7919
729	-130.3292	29.9472	190.0143
730	-134.1547	30.0807	193.8374
731	-139.3804	30.1295	195.2369
732	-144.6061	30.0807	193.8374
733	-148.4315	29.9472	190.0143
734	-149.8318	29.7648	184.7919
735	-148.4316	29.5825	179.5693
736	-144.6061	29.4489	175.7462
737	-139.3804	29.4001	174.3467
738	-134.1547	29.4489	175.7462
739	-130.3292	29.5825	179.5693
740	-128.929	29.7648	184.7919
741	-130.3292	29.9472	190.0143
742	-134.1547	30.0807	193.8374
743	-99.8458	46.4567	137.3881
744	-97.1008	42.2103	139.4392
745	-98.6515	41.3676	136.2932
746	-98.3324	35.7973	136.9087
747	-98.5834	40.9829	136.1078
748	-105.3674	31.6281	135.5879
749	-102.4335	29.6511	137.9582
750	-106.075	31.5492	137.4921
751	-96.6175	50.5125	137.4239
752	-96.5718	47.4532	139.4092
753	-100.3702	52.9946	137.6247
754	-103.2887	35.7076	135.9269
755	-107.2715	20.0703	135.2727
756	-112.7239	22.0503	137.2953
757	-111.3695	17.964	134.3088
758	-106.3174	29.715	135.5552
759	-103.2992	25.2462	134.491
760	-109.1618	23.9884	138.0674
761	-103.5499	24.1298	133.7593
762	-105.931	19.6795	135.0363
763	-117.3724	16.17	132.6703
764	-115.0905	20.4871	138.8436
765	-107.7212	27.4019	137.8564
766	-107.9455	20.769	137.4229
767	-103.8015	42.6476	139.5727
768	-111.8864	17.7063	132.7754
769	-101.972	43.4877	135.9758
770	-103.3541	34.6463	136.142
771	-102.3463	30.2002	135.678
772	-115.7476	16.5374	140.3391
773	-99.8296	47.9665	137.4893
774	-96.8179	51.5313	136.9723
775	-107.2962	27.8916	135.4054
776	-97.3008	47.0448	139.26
777	-98.254	39.6531	134.9353
778	-103.5505	41.297	138.9086
779	-111.7457	18.5952	136.8149
780	-104.7069	21.4373	132.7919
781	-100.8553	49.5509	136.5444
782	-117.1001	15.7505	132.533
783	-115.0426	18.7241	136.0262
784	-100.1647	32.1184	134.3285
785	-97.6201	43.8501	135.918
786	-98.7432	40.8878	137.5264
787	-99.0264	48.3678	137.4109
788	-109.4972	17.926	133.0274
789	-106.0782	30.8582	137.2956
790	-103.3628	41.4185	135.0877
791	-103.7299	38.8721	134.4472
792	-101.5647	29.4842	135.4197
793	-113.1531	16.075	137.3693
794	-105.4185	33.4819	135.39
795	-103.8883	24.0433	139.1499
796	-106.9389	19.8935	133.8059
797	-100.1986	32.1741	139.1169
798	-95.6239	49.3882	139.2391
799	-99.5547	43.9887	137.2772
800	-110.4659	22.8369	137.3466
801	-107.739	20.0195	133.457
802	-101.5373	50.8869	136.9366
803	-98.2441	50.4871	138.321
804	-109.4658	17.8164	137.2392
805	-102.2705	26.7767	133.6473
806	-97.2636	41.9191	137.6941
807	-99.0272	35.6328	134.8236
808	-105.479	34.355	138.3618
809	-97.3719	47.05	136.6532
810	-97.6377	41.3096	138.9529
811	-111.6687	17.0757	132.9683
812	-105.7118	28.2966	133.919
813	-117.1883	16.575	137.1777
814	-107.817	25.1175	138.5318
815	-98.3414	52.7974	138.1662
816	-107.6486	19.8338	137.0152
817	-111.6705	18.2049	134.8745
818	-99.8305	33.3574	135.173
819	-107.3473	19.6964	133.6577
820	-96.6603	48.824	136.4557
821	-102.3659	32.6843	136.2113
822	-104.2605	20.5437	134.36
823	-101.2418	28.3741	139.3829
824	-101.9576	45.7744	136.4796
825	-101.1717	47.0178	140.7479
826	-105.0248	30.2691	135.3057
827	-101.1423	37.3197	136.9423
828	-99.7672	34.5206	138.0708
829	-95.4525	50.7073	140.442
830	-96.6637	44.2653	137.9115
831	-111.046	17.685	133.1912
832	-97.6797	39.5897	136.8906
833	-102.1186	46.3608	141.0028
834	-96.2493	51.8386	138.6851
835	-103.4154	21.1897	137.4331
836	-103.7145	24.2157	139.3343
837	-105.6907	26.1414	135.1104
838	-100.9251	30.5711	139.1575
839	-101.2212	30.218	134.6197
840	-101.7607	42.117	136.5933
841	-109.7735	18.4951	139.3207
842	-100.1194	41.4542	136.3109
843	-101.4041	47.6063	136.2389
844	-97.9314	36.8367	139.0161
845	-117.6306	17.3244	136.5703
846	-115.2673	23.4817	139.9793
847	-107.5839	20.6088	137.3918
848	-110.393	23.5664	137.5772
849	-109.7704	26.746	139.3689
850	-98.6774	41.0863	137.5857
851	-100.8783	52.8741	139.5223
852	-97.2591	52.531	139.7317
853	-96.2267	40.7032	143.3877
854	-104.708	39.6692	139.1906
855	-104.437	36.4812	138.0217
856	-111.8978	18.5553	136.8577
857	-101.6643	26.4335	140.2716
858	-102.3841	24.613	140.1818
859	-109.8931	31.0664	142.8127
860	-117.6306	16.1992	142.5013
861	-99.3093	30.3205	142.2428
862	-94.5996	49.2211	142.2257
863	-104.4926	21.2457	140.7449
864	-117.6306	33.9388	148.2143
865	-98.3617	55.0555	139.2017
866	-96.0792	55.3308	150.1988
867	-107.8885	37.5054	142.9957
868	-110.7952	17.4287	140.8276
869	-96.5226	45.9621	150.1991
870	-107.0947	19.7738	141.5444
871	-102.2838	23.9365	141.9933
872	-104.1717	20.6823	143.1585
873	-99.5224	33.6977	150.1996
874	-117.6307	54.572	147.4328
875	-102.9583	24.9099	150.1998
876	-109.9836	18.9334	150.2
877	-117.6307	15.9823	150.1999
878	-113.659	17.1913	140.1335
879	-113.8027	15.5814	142.8001
880	-114.3879	16.5091	132.4023
881	-114.9461	15.9819	132.4201
882	-115.3467	15.5488	137.0545
883	-117.5511	15.9785	133.5141
884	-108.6865	19.1788	139.4596
885	-101.599	34.547	136.6084
886	-114.7003	16.8653	140.4771
887	-116.6581	16.9371	139.1756
888	-111.0331	18.3995	138.1812
889	-105.4065	20.7576	140.5791
890	-106.3836	20.5865	139.5741
891	-107.9782	20.1901	138.3703
892	-103.4753	24.7503	135.5125
893	-103.8712	22.5842	140.164
894	-102.0284	29.2601	138.0023
895	-96.8313	44.6658	139.6089
896	-106.335	20.1298	133.4066
897	-113.0258	17.9408	139.2068
898	-112.106	17.5615	140.6447
899	-135.4155	46.4567	137.3881
900	-138.1605	42.2103	139.4392
901	-136.6098	41.3676	136.2933
902	-136.9289	35.7973	136.9086
903	-136.678	40.9828	136.1077
904	-129.8938	31.6281	135.5879
905	-132.8278	29.6511	137.9582
906	-129.1862	31.5492	137.492
907	-138.6438	50.5125	137.4239
908	-138.6895	47.4532	139.4091
909	-134.8911	52.9946	137.6247
910	-131.9726	35.7076	135.9269
911	-127.9899	20.0703	135.2727
912	-122.5374	22.0503	137.2953
913	-123.8918	17.964	134.3088
914	-128.9439	29.715	135.5552
915	-131.9621	25.2462	134.4909
916	-126.0995	23.9884	138.0675
917	-131.7114	24.1298	133.7594
918	-129.3302	19.6795	135.0362
919	-117.8889	16.17	132.6703
920	-120.1708	20.4872	138.8435
921	-127.5401	27.4019	137.8564
922	-127.3157	20.769	137.4229
923	-131.4598	42.6476	139.5727
924	-123.3748	17.7063	132.7754
925	-133.2893	43.4877	135.9758
926	-131.9072	34.6463	136.142
927	-132.915	30.2002	135.678
928	-119.5137	16.5374	140.3391
929	-135.4317	47.9665	137.4893
930	-138.4434	51.5313	136.9723
931	-127.9652	27.8916	135.4054
932	-137.9605	47.0448	139.2601
933	-137.0073	39.6531	134.9352
934	-131.7108	41.2969	138.9085
935	-123.5156	18.5952	136.8149
936	-130.5543	21.4373	132.7918
937	-134.406	49.551	136.5444
938	-118.1612	15.7505	132.533
939	-120.2186	18.7241	136.0262
940	-135.0965	32.1183	134.3284
941	-137.6412	43.8501	135.918
942	-136.5181	40.8878	137.5263
943	-136.2349	48.3677	137.4109
944	-125.7641	17.926	133.0274
945	-129.183	30.8581	137.2957
946	-131.8985	41.4185	135.0876
947	-131.5314	38.8721	134.4472
948	-133.6966	29.4842	135.4197
949	-122.1082	16.0749	137.3694
950	-129.8428	33.4819	135.39
951	-131.373	24.0432	139.1498
952	-128.3223	19.8935	133.8059
953	-135.0627	32.1741	139.1169
954	-139.6374	49.3882	139.2391
955	-135.7066	43.9887	137.2772
956	-124.7954	22.8369	137.3466
957	-127.5223	20.0195	133.457
958	-133.724	50.8869	136.9365
959	-137.0172	50.4871	138.321
960	-125.7955	17.8164	137.2392
961	-132.9908	26.7767	133.6473
962	-137.9977	41.9191	137.694
963	-136.2341	35.6328	134.8236
964	-129.7823	34.355	138.3618
965	-137.8895	47.05	136.6532
966	-137.6236	41.3096	138.9528
967	-123.5926	17.0757	132.9682
968	-129.5494	28.2966	133.919
969	-118.073	16.575	137.1777
970	-127.4443	25.1175	138.5318
971	-136.9199	52.7974	138.1661
972	-127.6126	19.8337	137.0152
973	-123.5908	18.2049	134.8744
974	-135.4308	33.3574	135.1731
975	-127.914	19.6964	133.6577
976	-138.601	48.824	136.4557
977	-132.8954	32.6843	136.2113
978	-131.0007	20.5437	134.36
979	-134.0195	28.3741	139.3829
980	-133.3037	45.7744	136.4796
981	-134.0897	47.0178	140.7478
982	-130.2365	30.2691	135.3057
983	-134.119	37.3198	136.9423
984	-135.4941	34.5205	138.0709
985	-139.945	50.7073	140.577
986	-138.5976	44.2653	137.9115
987	-124.2153	17.685	133.1913
988	-137.5816	39.5897	136.8906
989	-133.1427	46.3608	141.0028
990	-139.0119	51.8386	138.685
991	-131.8459	21.1897	137.4331
992	-131.5468	24.2157	139.3343
993	-129.5706	26.1414	135.1104
994	-134.3362	30.5711	139.1575
995	-134.0401	30.218	134.6197
996	-133.5005	42.117	136.5933
997	-125.4878	18.4951	139.3207
998	-135.1419	41.4541	136.3109
999	-133.8572	47.6063	136.2389
1000	-137.3299	36.8367	139.0161
1001	-119.9939	23.4817	139.9793
1002	-127.6775	20.6088	137.3916
1003	-124.8684	23.5664	137.5772
1004	-125.4909	26.746	139.3689
1005	-136.5839	41.0863	137.5856
1006	-134.383	52.8741	139.5223
1007	-138.0022	52.531	139.7317
1008	-139.0203	40.7032	143.3877
1009	-130.5533	39.6692	139.1906
1010	-130.8243	36.4812	138.0217
1011	-123.3635	18.5552	136.8577
1012	-133.5969	26.4335	140.2716
1013	-132.8772	24.613	140.1817
1014	-125.3682	31.0664	142.8127
1015	-135.952	30.3205	142.2428
1016	-140.514	49.2211	142.2257
1017	-130.7688	21.2457	140.7448
1018	-136.8996	55.0555	139.2017
1019	-139.1821	55.3308	150.1987
1020	-127.3728	37.5054	142.9957
1021	-124.4661	17.4287	140.8276
1022	-138.7387	45.9621	150.1991
1023	-128.1666	19.7738	141.5444
1024	-132.9775	23.9365	141.9933
1025	-131.0896	20.6823	143.1586
1026	-135.7389	33.6977	150.1996
1027	-132.303	24.9099	150.1998
1028	-125.2777	18.9334	150.1999
1029	-121.6024	17.1912	140.1334
1030	-121.4586	15.5814	142.8001
1031	-120.8733	16.5091	132.4023
1032	-120.3152	15.9819	132.4202
1033	-119.9146	15.5488	137.0545
1034	-117.7101	15.9785	133.5141
1035	-126.5748	19.1788	139.4596
1036	-133.6623	34.547	136.6084
1037	-120.5609	16.8653	140.4771
1038	-118.6032	16.9371	139.1756
1039	-124.2281	18.3995	138.1812
1040	-129.8548	20.7576	140.5791
1041	-128.8777	20.5865	139.5741
1042	-127.2831	20.1901	138.3702
1043	-131.786	24.7503	135.5125
1044	-131.3901	22.5842	140.164
1045	-133.233	29.2601	138.0022
1046	-138.4299	44.6658	139.6089
1047	-128.9263	20.1298	133.4066
1048	-122.2355	17.9408	139.2068
1049	-123.1553	17.5615	140.6447
1050	-140.2892	47.8608	145.5537
1051	-94.9444	47.7462	145.8342
1052	-117.5529	18.6569	132.2633
1053	-117.4604	18.6089	132.2248
1054	-117.4604	52.6868	125.8052
1055	-117.4604	27.1729	126.1426
1056	-117.4604	17.4898	123.033
1057	-133.6115	34.0233	133.8283
1058	-136.2928	40.4442	132.9739
1059	-130.0529	35.8284	131.1997
1060	-134.8524	48.3264	133.5563
1061	-131.3334	45.0276	135.8103
1062	-135.9635	41.1248	133.2832
1063	-136.7779	48.2568	134.3274
1064	-132.778	49.6957	133.2978
1065	-136.9279	52.876	137.8924
1066	-132.4045	41.4918	134.7628
1067	-134.9705	41.8881	135.7874
1068	-128.0108	28.1522	134.7291
1069	-130.0289	23.9959	133.6232
1070	-133.4766	32.2666	135.3595
1071	-129.6678	32.8738	134.534
1072	-121.9049	22.2852	131.5337
1073	-124.8462	20.4071	134.9259
1074	-136.0231	37.1918	133.9767
1075	-127.1261	20.8308	129.0431
1076	-125.5252	20.6436	134.6059
1077	-128.8608	29.0641	132.3369
1078	-134.8239	48.0485	135.9761
1079	-130.3783	29.0311	132.8789
1080	-117.7309	18.5126	134.8339
1081	-121.4689	19.0714	134.9688
1082	-129.5141	30.8411	135.3711
1083	-121.484	19.6689	131.8925
1084	-132.0816	45.3951	131.905
1085	-127.5781	22.5959	135.1275
1086	-136.027	46.0725	136.7772
1087	-137.9106	46.2557	132.7463
1088	-135.3497	34.819	131.693
1089	-130.6714	34.4909	135.4174
1090	-121.5914	19.3564	134.8123
1091	-130.5199	34.0278	132.7319
1092	-134.8905	38.2462	135.954
1093	-129.7511	28.6746	134.7139
1094	-132.2406	41.3702	132.7743
1095	-135.8425	53.9061	137.305
1096	-130.5273	34.3323	135.0184
1097	-118.298	21.8879	130.5869
1098	-133.7	51.2644	136.75
1099	-131.1881	42.5242	135.5674
1100	-127.086	27.3044	130.9424
1101	-124.9947	20.828	131.9706
1102	-134.1242	47.898	136.1373
1103	-130.7594	31.2683	134.5144
1104	-129.0712	27.3574	134.1065
1105	-136.6132	41.5036	134.5282
1106	-135.6843	51.8175	137.0026
1107	-129.4008	24.8076	134.0236
1108	-133.6189	38.3645	135.3603
1109	-128.3769	23.7369	134.2117
1110	-137.7782	50.1996	137.7445
1111	-120.1826	18.4491	135.1449
1112	-133.3997	41.2524	135.3003
1113	-132.214	47.8709	134.7803
1114	-129.5611	38.4009	131.1004
1115	-134.8426	48.668	134.3215
1116	-130.9778	40.8081	135.8209
1117	-126.9375	20.5371	132.9275
1118	-132.1989	28.962	135.1087
1119	-133.2526	49.4622	136.6548
1120	-135.18	40.6016	135.4385
1121	-131.4794	26.0199	134.8695
1122	-136.4025	37.4142	131.6784
1123	-133.8649	29.7693	133.61
1124	-121.6639	20.5507	133.1538
1125	-128.3967	24.4787	132.9969
1126	-128.9773	31.5677	131.5152
1127	-129.9589	36.4652	135.7321
1128	-132.2643	34.1076	133.0359
1129	-136.3465	47.2631	134.8596
1130	-124.1271	23.6764	131.1233
1131	-128.4327	21.7777	132.6134
1132	-136.9306	48.1953	137.217
1133	-135.0938	34.1395	133.168
1134	-124.3743	19.3458	132.0667
1135	-133.4006	52.1826	133.4106
1136	-127.7777	27.0296	134.4936
1137	-131.0618	27.0602	135.2919
1138	-133.4737	53.1852	137.2374
1139	-131.8769	46.4704	136.3758
1140	-120.7949	21.6123	131.3463
1141	-127.868	25.0093	133.6061
1142	-133.6167	43.4861	135.3727
1143	-134.269	34.5602	135.5417
1144	-125.8364	20.7189	130.1195
1145	-133.1306	42.8013	131.8268
1146	-118.9989	17.8203	131.1115
1147	-120.1713	17.9467	131.2564
1148	-122.9499	19.0763	135.2061
1149	-126.6787	21.3666	135.644
1150	-133.5491	47.5822	132.427
1151	-132.1394	34.1068	134.8123
1152	-122.7552	18.8417	131.1684
1153	-129.5489	33.8302	131.9888
1154	-127.3976	20.8032	130.43
1155	-133.0596	50.3696	136.2122
1156	-133.5548	33.2718	132.9375
1157	-136.3621	33.5674	130.4165
1158	-130.939	42.1839	132.1402
1159	-130.4716	48.2458	131.4078
1160	-124.8014	20.8918	131.9635
1161	-130.9989	28.5827	132.7431
1162	-127.9918	31.9493	130.9428
1163	-125.8165	25.1996	130.4455
1164	-140.1657	47.3826	132.4436
1165	-133.1399	29.4378	131.0874
1166	-119.9568	17.7446	128.5996
1167	-138.0011	40.7688	130.5896
1168	-128.2824	24.7311	132.0189
1169	-139.1891	52.8233	134.4299
1170	-134.1744	54.1879	135.4884
1171	-125.4057	19.2779	128.159
1172	-123.1227	19.2621	129.7021
1173	-135.4689	29.9919	129.9757
1174	-132.0118	25.5275	129.7496
1175	-133.4187	27.7987	129.8029
1176	-139.2666	50.7053	133.7467
1177	-141.2836	56.6866	123.2997
1178	-135.2267	27.488	122.3994
1179	-138.6608	37.8185	122.9335
1180	-123.685	18.7662	122.6738
1181	-130.0417	21.1126	123.0882
1182	-117.4604	17.4132	128.9404
1183	-118.4277	18.0899	129.968
1184	-119.0834	17.9562	128.8542
1185	-119.44	17.7631	128.5377
1186	-120.4766	18.4026	129.271
1187	-122.3802	19.4485	129.988
1188	-124.2394	20.0453	130.2869
1189	-117.6344	18.7067	134.7486
1190	-118.735	18.4866	135.063
1191	-121.4008	18.7874	135.0569
1192	-130.6357	22.8006	128.617
1193	-128.5215	22.6632	130.0411
1194	-128.0685	21.5577	129.2235
1195	-129.9173	24.5448	130.3968
1196	-132.3164	27.2695	130.5822
1197	-133.7942	31.3273	130.9553
1198	-137.1149	42.7523	132.5114
1199	-137.9932	49.0996	133.642
1200	-123.665	19.7084	129.7736
1201	-126.4382	20.7775	129.3689
1202	-130.8215	25.0143	129.8496
1203	-117.3679	18.6569	132.2633
1204	-101.3093	34.0233	133.8283
1205	-98.628	40.4442	132.974
1206	-104.8679	35.8284	131.1997
1207	-100.0684	48.3264	133.5564
1208	-103.5874	45.0276	135.8102
1209	-98.9573	41.1248	133.2832
1210	-98.1429	48.2568	134.3274
1211	-102.1428	49.6957	133.2978
1212	-97.9929	52.876	137.8924
1213	-102.5163	41.4918	134.7628
1214	-99.9504	41.8881	135.7874
1215	-106.91	28.1522	134.7291
1216	-104.8918	23.9959	133.6233
1217	-101.4442	32.2666	135.3595
1218	-105.2529	32.8738	134.534
1219	-113.016	22.2852	131.5337
1220	-110.0746	20.4071	134.926
1221	-98.8977	37.1919	133.9767
1222	-107.7947	20.8308	129.0431
1223	-109.3956	20.6436	134.606
1224	-106.06	29.0641	132.3369
1225	-100.097	48.0485	135.9762
1226	-104.5425	29.0311	132.8789
1227	-117.1899	18.5126	134.8339
1228	-113.4519	19.0714	134.9688
1229	-105.4067	30.8411	135.3712
1230	-113.4368	19.669	131.8925
1231	-102.8392	45.3951	131.9049
1232	-107.3427	22.5959	135.1275
1233	-98.8938	46.0725	136.7772
1234	-97.0102	46.2557	132.7463
1235	-99.5711	34.819	131.693
1236	-104.2494	34.4909	135.4174
1237	-113.3294	19.3563	134.8123
1238	-104.4009	34.0278	132.7318
1239	-100.0303	38.2462	135.954
1240	-105.1697	28.6746	134.7139
1241	-102.6802	41.3702	132.7743
1242	-99.0783	53.9061	137.305
1243	-104.3934	34.3323	135.0184
1244	-116.6228	21.8879	130.5869
1245	-101.2208	51.2644	136.7501
1246	-103.7327	42.5242	135.5674
1247	-107.8348	27.3044	130.9424
1248	-109.9261	20.828	131.9706
1249	-100.7966	47.898	136.1373
1250	-104.1615	31.2683	134.5143
1251	-105.8496	27.3574	134.1065
1252	-98.3076	41.5036	134.5283
1253	-99.2365	51.8175	137.0026
1254	-105.52	24.8076	134.0237
1255	-101.3019	38.3645	135.3603
1256	-106.5439	23.7369	134.2117
1257	-97.1426	50.1996	137.7445
1258	-114.7382	18.4491	135.145
1259	-101.521	41.2524	135.3004
1260	-102.7068	47.8709	134.7804
1261	-105.3597	38.4009	131.1004
1262	-100.0783	48.668	134.3215
1263	-103.943	40.8081	135.8209
1264	-107.9833	20.5371	132.9274
1265	-102.7219	28.962	135.1087
1266	-101.6682	49.4623	136.6548
1267	-99.7408	40.6016	135.4384
1268	-103.4414	26.02	134.8695
1269	-98.5183	37.4142	131.6783
1270	-101.056	29.7693	133.6099
1271	-113.2568	20.5507	133.1539
1272	-106.5241	24.4787	132.997
1273	-105.9435	31.5677	131.5152
1274	-104.9619	36.4652	135.7321
1275	-102.6565	34.1076	133.0359
1276	-98.5744	47.2631	134.8596
1277	-110.7937	23.6764	131.1233
1278	-106.4881	21.7777	132.6134
1279	-97.9902	48.1953	137.217
1280	-99.827	34.1396	133.168
1281	-110.5464	19.3458	132.0668
1282	-101.5202	52.1826	133.4106
1283	-107.1431	27.0296	134.4936
1284	-103.8591	27.0602	135.2919
1285	-101.4471	53.1852	137.2374
1286	-103.0439	46.4703	136.3758
1287	-114.1259	21.6123	131.3463
1288	-107.0527	25.0093	133.6061
1289	-101.3041	43.4861	135.3726
1290	-100.6517	34.5602	135.5416
1291	-109.0844	20.7189	130.1195
1292	-101.7902	42.8013	131.8268
1293	-115.9218	17.8203	131.1115
1294	-114.7494	17.9467	131.2564
1295	-111.9709	19.0763	135.2061
1296	-108.2421	21.3666	135.6441
1297	-101.3718	47.5821	132.4271
1298	-102.7814	34.1068	134.8123
1299	-112.1656	18.8417	131.1684
1300	-105.3719	33.8302	131.9888
1301	-107.5232	20.8032	130.43
1302	-101.8612	50.3696	136.2122
1303	-101.366	33.2719	132.9376
1304	-98.5588	33.5673	130.4166
1305	-103.9818	42.1839	132.1402
1306	-104.4492	48.2459	131.4077
1307	-110.1193	20.8919	131.9636
1308	-103.9219	28.5827	132.7431
1309	-106.929	31.9493	130.9428
1310	-109.1043	25.1996	130.4455
1311	-94.7551	47.3825	132.4435
1312	-101.7809	29.4378	131.0873
1313	-114.964	17.7446	128.5996
1314	-96.9197	40.7688	130.5896
1315	-106.6384	24.7311	132.0189
1316	-95.7317	52.8233	134.43
1317	-100.7465	54.1879	135.4884
1318	-109.5151	19.2779	128.1589
1319	-111.7981	19.2621	129.7022
1320	-99.452	29.992	129.9757
1321	-102.909	25.5275	129.7496
1322	-101.5021	27.7987	129.8029
1323	-95.6542	50.7053	133.7467
1324	-93.6373	56.6865	123.2997
1325	-99.6941	27.488	122.3994
1326	-96.26	37.8185	122.9335
1327	-111.2357	18.7662	122.6738
1328	-104.8791	21.1126	123.0882
1329	-116.493	18.0899	129.968
1330	-115.8374	17.9563	128.8542
1331	-115.4807	17.7631	128.5377
1332	-114.4441	18.4026	129.271
1333	-112.5406	19.4486	129.988
1334	-110.6813	20.0453	130.2869
1335	-117.2864	18.7067	134.7486
1336	-116.1858	18.4866	135.063
1337	-113.52	18.7874	135.0569
1338	-104.2851	22.8006	128.617
1339	-106.3993	22.6632	130.0411
1340	-106.8522	21.5577	129.2235
1341	-105.0036	24.5448	130.3969
1342	-102.6044	27.2695	130.5822
1343	-101.1266	31.3273	130.9553
1344	-97.8059	42.7522	132.5114
1345	-96.9277	49.0996	133.6421
1346	-111.2558	19.7084	129.7736
1347	-108.4826	20.7775	129.3689
1348	-104.0993	25.0143	129.8497
1349	-117.6273	21.9803	132.5377
1350	-110.8055	24.8946	132.9653
1351	-110.811	24.4475	134.2477
1352	-113.4202	24.0861	135.2843
1353	-117.6363	24.2868	134.7794
1354	-121.8489	24.0871	135.2812
1355	-124.449	24.4492	134.2427
1356	-124.4435	24.8963	132.9603
1357	-121.8343	25.2578	131.9237
1358	-117.6182	25.3954	131.5291
1359	-113.4056	25.2567	131.9268
1360	-107.8803	30.5681	133.6684
1361	-107.8883	30.4446	135.8625
1362	-111.6162	30.3448	137.6359
1363	-117.6402	30.3841	136.9372
1364	-123.6592	30.3451	137.6307
1365	-127.3743	30.4451	135.8539
1366	-127.3663	30.5686	133.6598
1367	-123.6384	30.6685	131.8864
1368	-117.6144	30.7065	131.211
1369	-111.5953	30.6682	131.8916
1370	-105.7063	44.589	134.0286
1371	-105.7161	44.7187	137.2948
1372	-110.2755	44.8235	139.9349
1373	-117.643	44.7822	138.895
1374	-125.0045	44.8232	139.9271
1375	-129.5482	44.7182	137.2821
1376	-129.5385	44.5885	134.016
1377	-124.979	44.4837	130.3985
1378	-117.6115	44.4438	129.2181
1379	-110.25	44.484	130.4063
1380	-106.8139	53.9451	132.3718
1381	-106.8227	54.6706	134.6996
1382	-110.9585	55.4968	136.5704
1383	-117.6416	54.7597	134.9383
1384	-124.3192	55.4947	136.5648
1385	-128.4407	54.6673	134.6906
1386	-128.4319	53.942	132.3628
1387	-124.296	52.948	128.8493
1388	-117.6129	52.2543	126.4
1389	-110.9354	52.9498	128.855
1390	-117.6272	64.2385	120.4185

