		*MESH_NUMVERTEX 1391
		*MESH_NUMFACES 2692
		*MESH_VERTEX_LIST {
			*MESH_VERTEX    0	-117.6026	161.5645	70.5123
			*MESH_VERTEX    1	-82.9481	87.7428	107.0594
			*MESH_VERTEX    2	-117.6026	72.1846	106.0435
			*MESH_VERTEX    3	-92.1961	80.0836	116.0165
			*MESH_VERTEX    4	-86.2046	96.9832	122.6796
			*MESH_VERTEX    5	-102.6595	75.0710	108.7025
			*MESH_VERTEX    6	-58.8018	129.0618	72.1688
			*MESH_VERTEX    7	-75.3385	91.5046	93.9052
			*MESH_VERTEX    8	-96.9795	28.8454	106.5929
			*MESH_VERTEX    9	-100.9208	26.5615	118.8791
			*MESH_VERTEX   10	-111.0275	21.3953	112.1624
			*MESH_VERTEX   11	-80.4634	34.4472	181.3088
			*MESH_VERTEX   12	-77.5615	36.7559	178.5366
			*MESH_VERTEX   13	-77.7446	36.7906	181.3150
			*MESH_VERTEX   14	-80.5961	81.6179	127.0584
			*MESH_VERTEX   15	-74.0962	78.7615	146.3030
			*MESH_VERTEX   16	-76.8561	69.8295	132.9315
			*MESH_VERTEX   17	-117.6026	167.5669	208.4417
			*MESH_VERTEX   18	-102.7884	166.0209	209.1254
			*MESH_VERTEX   19	-100.1408	169.9449	175.3244
			*MESH_VERTEX   20	-42.0137	60.4137	81.3813
			*MESH_VERTEX   21	-56.5701	55.8104	97.0380
			*MESH_VERTEX   22	-86.0715	36.1785	117.4906
			*MESH_VERTEX   23	-89.0944	42.8902	110.0581
			*MESH_VERTEX   24	-80.0370	58.4243	127.2792
			*MESH_VERTEX   25	-77.0264	48.2725	135.5134
			*MESH_VERTEX   26	-117.6026	20.7353	116.6258
			*MESH_VERTEX   27	-107.9936	23.6937	118.1224
			*MESH_VERTEX   28	-84.7555	19.9731	167.2845
			*MESH_VERTEX   29	-92.3135	17.6271	168.0289
			*MESH_VERTEX   30	-92.4461	15.9382	160.9585
			*MESH_VERTEX   31	-86.7939	18.0785	158.0918
			*MESH_VERTEX   32	-112.0702	4.5849	166.5818
			*MESH_VERTEX   33	-117.6026	1.2697	169.3254
			*MESH_VERTEX   34	-117.6026	-1.6222	166.3924
			*MESH_VERTEX   35	-83.1098	25.3655	183.5625
			*MESH_VERTEX   36	-85.2093	24.6908	183.3123
			*MESH_VERTEX   37	-84.1264	25.7275	183.0381
			*MESH_VERTEX   38	-94.0755	16.6131	191.0903
			*MESH_VERTEX   39	-87.7158	17.5560	189.9095
			*MESH_VERTEX   40	-88.7831	21.1333	190.8315
			*MESH_VERTEX   41	-94.6890	19.9501	191.6583
			*MESH_VERTEX   42	-117.6026	151.9027	240.7044
			*MESH_VERTEX   43	-117.6026	-5.7118	160.6588
			*MESH_VERTEX   44	-117.6026	-4.4445	155.4524
			*MESH_VERTEX   45	-107.5307	26.6108	182.4538
			*MESH_VERTEX   46	-109.8745	20.5021	183.8959
			*MESH_VERTEX   47	-112.8886	17.2450	183.4796
			*MESH_VERTEX   48	-108.8566	20.8978	178.1349
			*MESH_VERTEX   49	-113.1681	11.3518	199.3143
			*MESH_VERTEX   50	-117.6026	9.7680	198.8446
			*MESH_VERTEX   51	-117.6026	11.7428	184.7395
			*MESH_VERTEX   52	-113.2999	14.5061	187.0810
			*MESH_VERTEX   53	-108.9162	5.2637	153.0046
			*MESH_VERTEX   54	-111.9565	0.3240	152.5258
			*MESH_VERTEX   55	-111.4517	10.8648	154.4776
			*MESH_VERTEX   56	-78.0844	28.0135	212.2539
			*MESH_VERTEX   57	-71.0251	40.6268	209.5703
			*MESH_VERTEX   58	-82.3568	29.4475	227.3536
			*MESH_VERTEX   59	-95.4491	15.0578	216.5459
			*MESH_VERTEX   60	-94.7976	38.4241	103.0843
			*MESH_VERTEX   61	-104.7611	23.5387	103.2893
			*MESH_VERTEX   62	-71.5919	76.2474	150.7009
			*MESH_VERTEX   63	-74.1083	59.3034	144.0943
			*MESH_VERTEX   64	-60.8424	18.0935	202.4934
			*MESH_VERTEX   65	-82.5755	2.9113	243.8988
			*MESH_VERTEX   66	-100.5051	27.1534	246.3982
			*MESH_VERTEX   67	-92.1845	4.8396	251.9314
			*MESH_VERTEX   68	-105.3350	18.2655	169.1085
			*MESH_VERTEX   69	-95.9879	26.7283	140.6194
			*MESH_VERTEX   70	-95.1746	23.1760	141.4407
			*MESH_VERTEX   71	-106.2163	24.8378	184.9870
			*MESH_VERTEX   72	-106.4461	24.6632	185.3678
			*MESH_VERTEX   73	-117.6026	11.7608	139.3345
			*MESH_VERTEX   74	-113.2304	12.0358	141.7733
			*MESH_VERTEX   75	-117.6026	14.3585	141.9268
			*MESH_VERTEX   76	-110.1463	28.1535	96.8685
			*MESH_VERTEX   77	-105.2800	47.2970	98.4644
			*MESH_VERTEX   78	-80.0958	52.4625	261.6381
			*MESH_VERTEX   79	-105.5642	56.5367	269.9843
			*MESH_VERTEX   80	-100.5313	16.4220	261.1238
			*MESH_VERTEX   81	-59.9304	67.3511	111.4151
			*MESH_VERTEX   82	-101.3902	32.2237	98.8928
			*MESH_VERTEX   83	-79.4630	26.6587	150.7463
			*MESH_VERTEX   84	-78.6318	38.9014	144.6472
			*MESH_VERTEX   85	-74.3108	50.1579	153.4566
			*MESH_VERTEX   86	-75.6969	37.0355	167.2657
			*MESH_VERTEX   87	-89.7216	21.3958	143.9222
			*MESH_VERTEX   88	-117.6026	8.0475	149.9144
			*MESH_VERTEX   89	-113.4608	7.9939	151.4584
			*MESH_VERTEX   90	-84.7631	21.6203	181.7961
			*MESH_VERTEX   91	-58.2924	59.8088	169.7059
			*MESH_VERTEX   92	-59.3382	47.2037	182.7644
			*MESH_VERTEX   93	-66.6040	56.9649	187.0922
			*MESH_VERTEX   94	-85.6656	20.7003	186.1804
			*MESH_VERTEX   95	-84.2820	20.1920	186.2285
			*MESH_VERTEX   96	-117.6026	10.6566	181.1838
			*MESH_VERTEX   97	-114.7450	11.8123	181.3909
			*MESH_VERTEX   98	-98.7351	21.6425	141.3577
			*MESH_VERTEX   99	-104.2901	15.0742	138.0268
			*MESH_VERTEX  100	-105.4693	11.6981	215.0794
			*MESH_VERTEX  101	-117.6026	24.5846	95.6229
			*MESH_VERTEX  102	-114.2232	19.9390	99.7561
			*MESH_VERTEX  103	-117.6026	18.7517	105.8255
			*MESH_VERTEX  104	-67.4603	76.3274	159.2780
			*MESH_VERTEX  105	-61.2171	101.2373	242.4848
			*MESH_VERTEX  106	-117.6026	44.5631	95.8375
			*MESH_VERTEX  107	-103.8780	14.3221	153.5636
			*MESH_VERTEX  108	-106.9894	8.5439	159.9954
			*MESH_VERTEX  109	-106.0837	11.1343	153.7909
			*MESH_VERTEX  110	-87.7382	17.5731	188.6454
			*MESH_VERTEX  111	-100.6200	18.2838	188.5882
			*MESH_VERTEX  112	-100.7551	18.2495	188.9456
			*MESH_VERTEX  113	-107.4464	14.2691	141.8305
			*MESH_VERTEX  114	-100.1949	16.0192	151.4396
			*MESH_VERTEX  115	-107.0933	13.5760	151.9184
			*MESH_VERTEX  116	-76.7542	35.1543	186.1617
			*MESH_VERTEX  117	-80.7818	29.6960	186.0634
			*MESH_VERTEX  118	-63.1403	94.9611	179.7818
			*MESH_VERTEX  119	-64.9390	100.1942	175.8748
			*MESH_VERTEX  120	-52.5585	85.3582	156.8767
			*MESH_VERTEX  121	-98.1335	58.2445	106.1242
			*MESH_VERTEX  122	-87.0074	69.8256	118.9957
			*MESH_VERTEX  123	-95.3285	26.1395	125.0718
			*MESH_VERTEX  124	-117.6026	10.1610	215.1442
			*MESH_VERTEX  125	-100.4261	15.1691	165.5305
			*MESH_VERTEX  126	-100.6919	20.4791	172.9418
			*MESH_VERTEX  127	-109.1003	7.7512	163.1746
			*MESH_VERTEX  128	-107.6859	5.2742	159.0652
			*MESH_VERTEX  129	-84.5760	21.7876	181.3760
			*MESH_VERTEX  130	-87.4694	19.5872	182.0167
			*MESH_VERTEX  131	-85.8016	22.0506	175.5976
			*MESH_VERTEX  132	-82.6577	26.8639	178.6752
			*MESH_VERTEX  133	-117.6026	19.8948	109.5559
			*MESH_VERTEX  134	-89.8509	14.3919	208.1078
			*MESH_VERTEX  135	-81.7098	20.8937	203.9561
			*MESH_VERTEX  136	-85.6149	21.9012	182.1496
			*MESH_VERTEX  137	-117.6026	0.6155	152.3939
			*MESH_VERTEX  138	-78.7250	29.7095	169.5282
			*MESH_VERTEX  139	-106.9985	10.9779	205.2237
			*MESH_VERTEX  140	-85.6917	30.6855	134.1470
			*MESH_VERTEX  141	-64.2600	82.5754	171.3613
			*MESH_VERTEX  142	-67.9924	63.9650	170.5977
			*MESH_VERTEX  143	-49.6574	77.4317	219.5146
			*MESH_VERTEX  144	-62.8505	120.5392	222.7352
			*MESH_VERTEX  145	-64.4837	83.4727	180.8536
			*MESH_VERTEX  146	-91.3223	29.8870	111.1622
			*MESH_VERTEX  147	-83.4869	27.1185	182.8793
			*MESH_VERTEX  148	-117.6026	21.4034	112.2234
			*MESH_VERTEX  149	-82.9773	161.1580	187.2641
			*MESH_VERTEX  150	-53.7382	138.8510	175.7343
			*MESH_VERTEX  151	-58.2012	80.6834	125.6886
			*MESH_VERTEX  152	-43.7206	101.8940	108.2046
			*MESH_VERTEX  153	-112.4898	8.0023	173.2474
			*MESH_VERTEX  154	-117.6026	6.4559	174.9012
			*MESH_VERTEX  155	-111.2808	1.7365	162.7225
			*MESH_VERTEX  156	-110.8532	0.4656	157.2881
			*MESH_VERTEX  157	-88.0034	20.2663	187.6181
			*MESH_VERTEX  158	-107.4752	17.0820	189.7003
			*MESH_VERTEX  159	-117.6026	13.0719	232.8705
			*MESH_VERTEX  160	-117.6026	25.3992	247.4385
			*MESH_VERTEX  161	-84.0199	20.1914	186.4353
			*MESH_VERTEX  162	-106.3159	12.7997	138.4144
			*MESH_VERTEX  163	-74.1189	139.2316	240.3014
			*MESH_VERTEX  164	-74.0991	126.1557	249.9107
			*MESH_VERTEX  165	-105.7945	12.4037	201.7051
			*MESH_VERTEX  166	-85.7656	20.6192	192.7603
			*MESH_VERTEX  167	-83.8762	23.4088	188.0262
			*MESH_VERTEX  168	-107.2575	11.6665	162.5152
			*MESH_VERTEX  169	-111.6530	12.3916	150.8860
			*MESH_VERTEX  170	-108.0091	26.7931	183.4189
			*MESH_VERTEX  171	-117.6026	177.5715	166.1809
			*MESH_VERTEX  172	-73.1764	45.5473	177.6540
			*MESH_VERTEX  173	-109.5201	14.0850	171.9459
			*MESH_VERTEX  174	-92.4196	18.0828	181.0055
			*MESH_VERTEX  175	-101.0847	19.6182	181.4741
			*MESH_VERTEX  176	-92.1357	20.0033	171.9549
			*MESH_VERTEX  177	-72.2145	49.8429	187.7756
			*MESH_VERTEX  178	-77.3612	30.4903	197.3973
			*MESH_VERTEX  179	-80.9897	26.1305	190.0526
			*MESH_VERTEX  180	-113.1025	10.8280	138.7985
			*MESH_VERTEX  181	-117.6026	126.1205	261.6361
			*MESH_VERTEX  182	-95.1588	124.4026	258.6564
			*MESH_VERTEX  183	-102.8562	150.3165	238.7293
			*MESH_VERTEX  184	-93.8988	16.5372	189.6834
			*MESH_VERTEX  185	-102.4216	16.5952	141.7456
			*MESH_VERTEX  186	-46.2186	92.0461	201.8579
			*MESH_VERTEX  187	-55.5248	74.4782	159.6227
			*MESH_VERTEX  188	-91.0596	159.7028	141.0229
			*MESH_VERTEX  189	-117.6026	162.2023	118.9377
			*MESH_VERTEX  190	-102.3223	25.7959	123.4899
			*MESH_VERTEX  191	-95.1529	15.6393	151.4239
			*MESH_VERTEX  192	-117.6026	10.4870	148.5010
			*MESH_VERTEX  193	-114.5303	11.6537	149.6129
			*MESH_VERTEX  194	-101.0278	19.4657	182.0355
			*MESH_VERTEX  195	-100.9287	20.7056	182.4168
			*MESH_VERTEX  196	-104.9201	27.0674	182.6577
			*MESH_VERTEX  197	-66.9246	39.7734	198.2979
			*MESH_VERTEX  198	-117.6026	26.4343	253.8979
			*MESH_VERTEX  199	-117.6026	96.0130	269.7491
			*MESH_VERTEX  200	-93.8157	14.1847	205.9507
			*MESH_VERTEX  201	-94.8881	16.2739	194.7638
			*MESH_VERTEX  202	-100.8821	19.3724	188.5190
			*MESH_VERTEX  203	-94.0004	17.6802	188.8722
			*MESH_VERTEX  204	-96.2433	19.4115	230.0220
			*MESH_VERTEX  205	-97.4455	27.4928	137.1341
			*MESH_VERTEX  206	-82.3343	26.4280	183.8792
			*MESH_VERTEX  207	-87.5879	19.5328	182.3664
			*MESH_VERTEX  208	-90.3636	26.4219	141.8161
			*MESH_VERTEX  209	-45.3277	144.9239	153.5902
			*MESH_VERTEX  210	-52.0968	88.8693	147.2152
			*MESH_VERTEX  211	-117.6026	170.7192	138.2678
			*MESH_VERTEX  212	-115.2060	-5.2548	159.9752
			*MESH_VERTEX  213	-115.2146	-4.0374	156.0601
			*MESH_VERTEX  214	-89.5532	20.6671	182.6033
			*MESH_VERTEX  215	-108.9906	17.9215	185.7054
			*MESH_VERTEX  216	-83.5361	20.4144	203.2177
			*MESH_VERTEX  217	-95.4647	20.5547	146.3311
			*MESH_VERTEX  218	-92.4340	17.9534	181.5343
			*MESH_VERTEX  219	-108.5205	13.2815	152.7272
			*MESH_VERTEX  220	-52.9622	111.4413	204.2004
			*MESH_VERTEX  221	-117.6026	10.5508	137.8242
			*MESH_VERTEX  222	-84.4828	157.5232	212.2398
			*MESH_VERTEX  223	-100.6984	13.8422	157.1604
			*MESH_VERTEX  224	-104.8925	12.4246	160.6757
			*MESH_VERTEX  225	-104.8691	26.9474	183.4605
			*MESH_VERTEX  226	-98.9167	12.8126	209.2384
			*MESH_VERTEX  227	-90.6229	17.8659	188.3718
			*MESH_VERTEX  228	-92.8816	19.5706	182.1907
			*MESH_VERTEX  229	-76.9191	30.6441	198.3592
			*MESH_VERTEX  230	-104.1597	14.5847	137.3207
			*MESH_VERTEX  231	-117.6026	11.2298	135.0092
			*MESH_VERTEX  232	-117.6026	10.1061	136.9250
			*MESH_VERTEX  233	-111.7305	12.0237	134.7929
			*MESH_VERTEX  234	-100.2774	27.0042	129.9433
			*MESH_VERTEX  235	-98.9690	26.8384	136.3294
			*MESH_VERTEX  236	-109.0217	20.6713	123.4909
			*MESH_VERTEX  237	-104.1236	24.3496	127.4371
			*MESH_VERTEX  238	-111.9902	10.5633	137.9724
			*MESH_VERTEX  239	-117.6026	10.3350	137.6010
			*MESH_VERTEX  240	-108.8310	21.0822	120.7598
			*MESH_VERTEX  241	-104.9061	16.2963	135.0614
			*MESH_VERTEX  242	-117.6026	17.5587	119.7005
			*MESH_VERTEX  243	-117.6026	17.4751	121.9473
			*MESH_VERTEX  244	-115.4330	10.7510	138.5340
			*MESH_VERTEX  245	-109.2536	11.5827	138.7453
			*MESH_VERTEX  246	-102.2349	19.1950	137.9173
			*MESH_VERTEX  247	-102.3061	19.1985	137.0898
			*MESH_VERTEX  248	-115.1015	11.4856	134.9509
			*MESH_VERTEX  249	-115.1017	10.1070	138.0995
			*MESH_VERTEX  250	-109.2907	12.8395	134.8166
			*MESH_VERTEX  251	-108.8545	11.4521	137.7959
			*MESH_VERTEX  252	-102.4601	19.0286	136.1593
			*MESH_VERTEX  253	-103.0036	19.6645	135.2579
			*MESH_VERTEX  254	-104.6543	14.2821	136.2260
			*MESH_VERTEX  255	-111.6457	10.7449	136.9137
			*MESH_VERTEX  256	-108.9996	11.8250	136.5137
			*MESH_VERTEX  257	-114.8583	10.1212	137.1021
			*MESH_VERTEX  258	-106.2821	12.6555	137.5248
			*MESH_VERTEX  259	-106.8513	12.6023	136.3392
			*MESH_VERTEX  260	-107.2698	13.8613	134.7705
			*MESH_VERTEX  261	-103.4379	23.6243	125.1948
			*MESH_VERTEX  262	-114.2141	21.2818	116.9048
			*MESH_VERTEX  263	-105.1707	24.8989	120.1035
			*MESH_VERTEX  264	-106.6144	22.6110	125.0753
			*MESH_VERTEX  265	-108.5426	21.8270	118.5951
			*MESH_VERTEX  266	-105.9171	23.1668	120.3439
			*MESH_VERTEX  267	-106.1981	22.6616	122.2917
			*MESH_VERTEX  268	-114.0487	18.1183	119.8510
			*MESH_VERTEX  269	-114.1661	19.3574	117.6450
			*MESH_VERTEX  270	-117.6026	19.3765	117.6177
			*MESH_VERTEX  271	-114.1904	17.9243	122.2170
			*MESH_VERTEX  272	-101.2745	26.2926	131.5960
			*MESH_VERTEX  273	-102.7720	24.4837	123.9471
			*MESH_VERTEX  274	-100.7941	26.3711	130.9546
			*MESH_VERTEX  275	-111.6769	18.9235	122.6380
			*MESH_VERTEX  276	-111.5473	19.1294	120.2090
			*MESH_VERTEX  277	-111.3183	20.2462	118.0615
			*MESH_VERTEX  278	-111.1472	22.2135	117.4457
			*MESH_VERTEX  279	-105.4200	10.0973	158.4785
			*MESH_VERTEX  280	-104.3124	12.7206	157.3382
			*MESH_VERTEX  281	-53.1092	126.3286	202.2166
			*MESH_VERTEX  282	-67.2502	128.1828	232.2389
			*MESH_VERTEX  283	-42.7477	91.4714	72.9571
			*MESH_VERTEX  284	-117.6026	165.3348	88.9784
			*MESH_VERTEX  285	-117.6026	190.1022	71.6283
			*MESH_VERTEX  286	-59.7028	95.3961	179.6522
			*MESH_VERTEX  287	-60.3259	101.3670	176.0971
			*MESH_VERTEX  288	-60.8978	97.7221	174.1046
			*MESH_VERTEX  289	-59.4195	99.1058	174.4017
			*MESH_VERTEX  290	-58.8174	94.4103	177.2649
			*MESH_VERTEX  291	-60.9050	93.3960	176.2886
			*MESH_VERTEX  292	-60.7698	88.7272	173.6396
			*MESH_VERTEX  293	-61.9942	87.5509	174.5064
			*MESH_VERTEX  294	-60.8648	88.4496	169.1039
			*MESH_VERTEX  295	-62.3096	85.4610	168.3749
			*MESH_VERTEX  296	-60.1551	86.2485	175.1756
			*MESH_VERTEX  297	-64.2826	84.2638	157.9682
			*MESH_VERTEX  298	-66.3095	86.8730	160.2919
			*MESH_VERTEX  299	-66.1938	83.8504	161.3822
			*MESH_VERTEX  300	-64.9547	80.6245	159.2513
			*MESH_VERTEX  301	-63.9057	87.6974	164.0410
			*MESH_VERTEX  302	-65.0539	84.8111	163.7155
			*MESH_VERTEX  303	-60.9953	90.0361	165.3404
			*MESH_VERTEX  304	-62.8785	96.1735	155.1898
			*MESH_VERTEX  305	-59.8638	104.9412	168.8233
			*MESH_VERTEX  306	-59.0135	101.4044	167.8195
			*MESH_VERTEX  307	-61.9543	93.5300	156.6838
			*MESH_VERTEX  308	-64.8293	86.7022	151.3400
			*MESH_VERTEX  309	-71.8001	78.2341	146.3937
			*MESH_VERTEX  310	-67.9607	77.6910	150.3319
			*MESH_VERTEX  311	-67.7538	88.2292	148.4660
			*MESH_VERTEX  312	-59.9401	99.6517	168.2023
			*MESH_VERTEX  313	-60.8280	96.9312	173.2027
			*MESH_VERTEX  314	-60.0602	98.4483	167.8441
			*MESH_VERTEX  315	-63.7412	82.1286	163.8992
			*MESH_VERTEX  316	-62.2804	88.9608	160.1850
			*MESH_VERTEX  317	-59.9497	85.2759	177.0869
			*MESH_VERTEX  318	-60.8683	92.6131	175.1514
			*MESH_VERTEX  319	-105.2684	8.1045	155.7725
			*MESH_VERTEX  320	-104.2499	11.3002	155.0558
			*MESH_VERTEX  321	-78.1981	27.3425	161.7447
			*MESH_VERTEX  322	-80.9181	21.9231	158.5875
			*MESH_VERTEX  323	-61.3920	100.0472	159.4688
			*MESH_VERTEX  324	-69.5268	150.0264	212.6902
			*MESH_VERTEX  325	-71.1879	153.6923	200.5707
			*MESH_VERTEX  326	-75.2677	145.6587	224.6566
			*MESH_VERTEX  327	-79.2060	150.7949	69.7715
			*MESH_VERTEX  328	-103.5667	28.1397	118.5845
			*MESH_VERTEX  329	-107.7407	26.9264	117.0693
			*MESH_VERTEX  330	-104.1553	22.1527	149.4780
			*MESH_VERTEX  331	-117.6026	16.7323	146.6627
			*MESH_VERTEX  332	-98.4356	30.6209	137.8645
			*MESH_VERTEX  333	-107.6005	18.8585	148.9241
			*MESH_VERTEX  334	-112.5767	25.9099	116.4143
			*MESH_VERTEX  335	-117.6026	25.1394	116.0785
			*MESH_VERTEX  336	-94.2410	55.6406	123.8625
			*MESH_VERTEX  337	-94.9716	54.6056	149.5579
			*MESH_VERTEX  338	-93.8370	54.3179	139.1690
			*MESH_VERTEX  339	-92.9859	34.8426	183.4828
			*MESH_VERTEX  340	-67.1333	53.1558	243.3628
			*MESH_VERTEX  341	-64.0191	72.2140	242.3882
			*MESH_VERTEX  342	-67.2167	8.1930	217.8060
			*MESH_VERTEX  343	-67.4124	87.8155	250.8162
			*MESH_VERTEX  344	-152.2572	87.7428	107.0593
			*MESH_VERTEX  345	-143.0092	80.0836	116.0165
			*MESH_VERTEX  346	-149.0006	96.9832	122.6796
			*MESH_VERTEX  347	-132.5457	75.0710	108.7026
			*MESH_VERTEX  348	-176.4034	129.0618	72.1688
			*MESH_VERTEX  349	-159.8667	91.5046	93.9052
			*MESH_VERTEX  350	-138.1972	28.8482	106.6039
			*MESH_VERTEX  351	-134.2197	26.8408	119.0313
			*MESH_VERTEX  352	-124.1999	21.5681	112.1602
			*MESH_VERTEX  353	-154.7419	34.4472	181.3088
			*MESH_VERTEX  354	-157.6438	36.7559	178.5366
			*MESH_VERTEX  355	-157.4606	36.7906	181.3149
			*MESH_VERTEX  356	-154.6092	81.6179	127.0584
			*MESH_VERTEX  357	-161.1091	78.7615	146.3030
			*MESH_VERTEX  358	-158.3492	69.8295	132.9315
			*MESH_VERTEX  359	-132.4168	166.0209	209.1255
			*MESH_VERTEX  360	-135.0645	169.9449	175.3244
			*MESH_VERTEX  361	-193.1917	60.4137	81.3814
			*MESH_VERTEX  362	-178.6351	55.8104	97.0380
			*MESH_VERTEX  363	-149.1338	36.1785	117.4906
			*MESH_VERTEX  364	-146.1109	42.8902	110.0582
			*MESH_VERTEX  365	-155.1683	58.4243	127.2792
			*MESH_VERTEX  366	-158.1789	48.2725	135.5134
			*MESH_VERTEX  367	-127.2169	23.8578	118.5160
			*MESH_VERTEX  368	-150.4498	19.9732	167.2845
			*MESH_VERTEX  369	-142.8918	17.6271	168.0288
			*MESH_VERTEX  370	-142.7592	15.9382	160.9585
			*MESH_VERTEX  371	-148.4113	18.0785	158.0918
			*MESH_VERTEX  372	-123.1351	4.5848	166.5818
			*MESH_VERTEX  373	-152.0981	25.3655	183.5637
			*MESH_VERTEX  374	-150.2137	24.6908	183.3141
			*MESH_VERTEX  375	-151.1229	25.7275	183.0391
			*MESH_VERTEX  376	-141.1298	16.6483	191.1186
			*MESH_VERTEX  377	-147.4895	17.5471	189.9564
			*MESH_VERTEX  378	-146.6241	21.1705	190.8674
			*MESH_VERTEX  379	-140.6206	19.9501	191.8105
			*MESH_VERTEX  380	-127.6745	26.6109	182.4445
			*MESH_VERTEX  381	-125.3308	20.5021	183.9054
			*MESH_VERTEX  382	-122.3167	17.2450	183.4889
			*MESH_VERTEX  383	-126.3487	20.8978	178.1418
			*MESH_VERTEX  384	-122.0371	11.3508	199.3218
			*MESH_VERTEX  385	-121.9053	14.5061	187.0905
			*MESH_VERTEX  386	-126.2891	5.2637	153.0046
			*MESH_VERTEX  387	-123.2487	0.3240	152.5258
			*MESH_VERTEX  388	-123.7535	10.8648	154.4776
			*MESH_VERTEX  389	-157.1208	28.0135	212.2539
			*MESH_VERTEX  390	-164.1801	40.6268	209.5703
			*MESH_VERTEX  391	-152.8484	29.4475	227.3536
			*MESH_VERTEX  392	-139.7561	15.0578	216.5460
			*MESH_VERTEX  393	-140.4077	38.4241	103.0843
			*MESH_VERTEX  394	-130.4442	23.5385	103.2891
			*MESH_VERTEX  395	-163.6134	76.2474	150.7009
			*MESH_VERTEX  396	-161.0969	59.3034	144.0943
			*MESH_VERTEX  397	-174.3628	18.0935	202.4934
			*MESH_VERTEX  398	-152.6298	2.9113	243.8988
			*MESH_VERTEX  399	-134.7002	27.1534	246.3982
			*MESH_VERTEX  400	-143.0208	4.8395	251.9314
			*MESH_VERTEX  401	-129.8703	18.2656	169.1085
			*MESH_VERTEX  402	-139.2921	26.5407	140.5193
			*MESH_VERTEX  403	-140.1057	22.8609	141.6100
			*MESH_VERTEX  404	-128.9889	24.8378	184.9784
			*MESH_VERTEX  405	-128.7592	24.6632	185.3649
			*MESH_VERTEX  406	-121.9748	12.0358	141.7733
			*MESH_VERTEX  407	-125.0589	28.1535	96.8685
			*MESH_VERTEX  408	-129.9253	47.2970	98.4645
			*MESH_VERTEX  409	-155.1095	52.4625	261.6382
			*MESH_VERTEX  410	-129.6411	56.5367	269.9843
			*MESH_VERTEX  411	-134.6740	16.4220	261.1238
			*MESH_VERTEX  412	-175.2749	67.3511	111.4152
			*MESH_VERTEX  413	-133.8151	32.2237	98.8927
			*MESH_VERTEX  414	-155.7423	26.6587	150.7463
			*MESH_VERTEX  415	-156.5735	38.9014	144.6472
			*MESH_VERTEX  416	-160.8945	50.1579	153.4566
			*MESH_VERTEX  417	-159.5083	37.0355	167.2658
			*MESH_VERTEX  418	-145.4840	21.3967	143.8454
			*MESH_VERTEX  419	-121.7445	7.9939	151.4584
			*MESH_VERTEX  420	-150.4422	21.6230	181.8027
			*MESH_VERTEX  421	-176.9128	59.8089	169.7059
			*MESH_VERTEX  422	-175.8671	47.2037	182.7644
			*MESH_VERTEX  423	-168.6012	56.9649	187.0922
			*MESH_VERTEX  424	-149.5397	20.7003	186.1679
			*MESH_VERTEX  425	-150.9233	20.1920	186.2320
			*MESH_VERTEX  426	-120.4602	11.8123	181.3960
			*MESH_VERTEX  427	-136.5716	21.3092	141.6967
			*MESH_VERTEX  428	-130.9378	14.9411	138.1416
			*MESH_VERTEX  429	-129.7359	11.6982	215.0795
			*MESH_VERTEX  430	-120.9820	19.9390	99.7561
			*MESH_VERTEX  431	-167.7449	76.3274	159.2780
			*MESH_VERTEX  432	-173.9882	101.2373	242.4847
			*MESH_VERTEX  433	-131.3273	14.3249	153.5636
			*MESH_VERTEX  434	-128.2159	8.5439	159.9954
			*MESH_VERTEX  435	-129.1215	11.1354	153.7909
			*MESH_VERTEX  436	-147.4671	17.5732	188.6499
			*MESH_VERTEX  437	-134.5853	18.2838	188.5891
			*MESH_VERTEX  438	-134.4719	18.1687	188.9435
			*MESH_VERTEX  439	-127.7576	14.2706	141.8251
			*MESH_VERTEX  440	-134.9861	16.0270	151.4315
			*MESH_VERTEX  441	-128.1120	13.5783	151.9182
			*MESH_VERTEX  442	-158.4511	35.1543	186.1617
			*MESH_VERTEX  443	-154.4234	29.6960	186.0635
			*MESH_VERTEX  444	-172.0650	94.9611	179.7818
			*MESH_VERTEX  445	-170.2663	100.1942	175.8748
			*MESH_VERTEX  446	-182.6468	85.3583	156.8767
			*MESH_VERTEX  447	-137.0718	58.2445	106.1242
			*MESH_VERTEX  448	-148.1978	69.8256	118.9958
			*MESH_VERTEX  449	-139.8911	26.7842	125.3304
			*MESH_VERTEX  450	-134.7792	15.1691	165.5305
			*MESH_VERTEX  451	-134.5134	20.4792	172.9419
			*MESH_VERTEX  452	-126.1050	7.7512	163.1746
			*MESH_VERTEX  453	-127.5194	5.2742	159.0652
			*MESH_VERTEX  454	-150.6293	21.7904	181.3826
			*MESH_VERTEX  455	-147.7359	19.5872	182.0167
			*MESH_VERTEX  456	-149.4037	22.0506	175.5976
			*MESH_VERTEX  457	-152.5476	26.8639	178.6752
			*MESH_VERTEX  458	-145.3544	14.3995	208.2096
			*MESH_VERTEX  459	-153.4955	20.8937	203.9357
			*MESH_VERTEX  460	-149.5904	21.9039	182.1442
			*MESH_VERTEX  461	-156.4803	29.7095	169.5282
			*MESH_VERTEX  462	-128.2068	10.9886	205.2173
			*MESH_VERTEX  463	-149.5117	30.6851	134.0784
			*MESH_VERTEX  464	-170.9453	82.5755	171.3613
			*MESH_VERTEX  465	-167.2129	63.9650	170.5977
			*MESH_VERTEX  466	-185.5479	77.4317	219.5146
			*MESH_VERTEX  467	-172.3548	120.5392	222.7351
			*MESH_VERTEX  468	-170.7216	83.4727	180.8536
			*MESH_VERTEX  469	-143.8318	29.8953	111.1669
			*MESH_VERTEX  470	-151.6756	27.1185	182.8792
			*MESH_VERTEX  471	-152.2280	161.1580	187.2641
			*MESH_VERTEX  472	-181.4671	138.8510	175.7343
			*MESH_VERTEX  473	-177.0040	80.6834	125.6886
			*MESH_VERTEX  474	-191.4847	101.8940	108.2045
			*MESH_VERTEX  475	-122.7155	8.0023	173.2474
			*MESH_VERTEX  476	-123.9245	1.7365	162.7225
			*MESH_VERTEX  477	-124.3520	0.4656	157.2881
			*MESH_VERTEX  478	-147.2019	20.2663	187.6226
			*MESH_VERTEX  479	-127.7300	17.0820	189.7091
			*MESH_VERTEX  480	-151.1854	20.1915	186.4386
			*MESH_VERTEX  481	-128.8991	12.7679	138.4316
			*MESH_VERTEX  482	-161.0865	139.2316	240.3015
			*MESH_VERTEX  483	-161.1062	126.1557	249.9106
			*MESH_VERTEX  484	-129.4108	12.4112	201.7128
			*MESH_VERTEX  485	-149.1780	20.6192	193.0210
			*MESH_VERTEX  486	-151.2941	23.5578	188.1740
			*MESH_VERTEX  487	-127.9477	11.6665	162.5152
			*MESH_VERTEX  488	-123.5523	12.3916	150.8860
			*MESH_VERTEX  489	-127.1961	26.7931	183.4096
			*MESH_VERTEX  490	-162.0289	45.5473	177.6540
			*MESH_VERTEX  491	-125.6851	14.0850	171.9459
			*MESH_VERTEX  492	-142.7857	18.0828	180.9000
			*MESH_VERTEX  493	-134.1206	19.6182	181.4684
			*MESH_VERTEX  494	-143.0696	20.0033	171.9549
			*MESH_VERTEX  495	-164.2939	49.8429	188.9062
			*MESH_VERTEX  496	-158.3903	30.4903	199.3797
			*MESH_VERTEX  497	-154.2155	26.1306	190.0526
			*MESH_VERTEX  498	-122.1027	10.8279	138.7985
			*MESH_VERTEX  499	-140.0464	124.4026	258.6565
			*MESH_VERTEX  500	-132.3490	150.3165	238.7293
			*MESH_VERTEX  501	-141.3065	16.5372	189.6933
			*MESH_VERTEX  502	-132.8087	16.4783	141.8661
			*MESH_VERTEX  503	-188.9866	92.0461	201.8579
			*MESH_VERTEX  504	-179.6805	74.4782	159.6227
			*MESH_VERTEX  505	-144.1456	159.7028	141.0229
			*MESH_VERTEX  506	-133.1360	26.3803	123.6588
			*MESH_VERTEX  507	-140.0387	15.6411	151.4376
			*MESH_VERTEX  508	-120.6749	11.6537	149.6129
			*MESH_VERTEX  509	-134.1775	19.4657	182.0292
			*MESH_VERTEX  510	-134.2766	20.7056	182.4090
			*MESH_VERTEX  511	-130.2851	27.0674	182.6463
			*MESH_VERTEX  512	-168.2807	39.7734	198.2979
			*MESH_VERTEX  513	-141.3895	14.2054	205.7394
			*MESH_VERTEX  514	-140.3172	16.2846	194.7755
			*MESH_VERTEX  515	-134.3231	19.3725	188.5180
			*MESH_VERTEX  516	-141.2048	17.6802	188.8761
			*MESH_VERTEX  517	-138.9619	19.4115	230.0219
			*MESH_VERTEX  518	-137.8362	27.3287	136.6048
			*MESH_VERTEX  519	-152.8709	26.4280	183.8795
			*MESH_VERTEX  520	-147.6174	19.5328	182.3664
			*MESH_VERTEX  521	-144.8724	26.3260	141.6276
			*MESH_VERTEX  522	-189.8776	144.9239	153.5902
			*MESH_VERTEX  523	-183.1085	88.8693	147.2152
			*MESH_VERTEX  524	-119.9992	-5.2548	159.9752
			*MESH_VERTEX  525	-119.9906	-4.0374	156.0601
			*MESH_VERTEX  526	-145.6521	20.6671	182.6033
			*MESH_VERTEX  527	-126.2146	17.9215	185.7145
			*MESH_VERTEX  528	-151.6692	20.4196	203.1974
			*MESH_VERTEX  529	-139.7916	20.4569	146.3626
			*MESH_VERTEX  530	-142.7712	17.9534	181.4289
			*MESH_VERTEX  531	-126.6848	13.2835	152.7272
			*MESH_VERTEX  532	-182.2431	111.4413	204.2004
			*MESH_VERTEX  533	-150.7225	157.5232	212.2398
			*MESH_VERTEX  534	-134.5068	13.8433	157.1606
			*MESH_VERTEX  535	-130.3128	12.4246	160.6757
			*MESH_VERTEX  536	-130.3362	26.9474	183.4493
			*MESH_VERTEX  537	-136.2886	12.8302	209.2384
			*MESH_VERTEX  538	-144.5823	17.8659	188.3679
			*MESH_VERTEX  539	-142.3237	19.5706	182.1109
			*MESH_VERTEX  540	-158.8611	30.6441	200.3418
			*MESH_VERTEX  541	-131.0657	14.4604	137.4369
			*MESH_VERTEX  542	-123.4782	12.0237	134.8071
			*MESH_VERTEX  543	-134.8670	27.1246	128.8118
			*MESH_VERTEX  544	-136.2369	26.5680	136.3992
			*MESH_VERTEX  545	-126.0735	20.6095	123.4975
			*MESH_VERTEX  546	-131.0950	24.8135	127.3100
			*MESH_VERTEX  547	-123.2150	10.5633	137.9725
			*MESH_VERTEX  548	-126.3545	20.9540	120.9012
			*MESH_VERTEX  549	-130.3339	16.1389	135.2179
			*MESH_VERTEX  550	-119.7721	10.7510	138.5340
			*MESH_VERTEX  551	-125.9533	11.5827	138.7465
			*MESH_VERTEX  552	-133.0213	18.9395	138.1729
			*MESH_VERTEX  553	-132.9455	18.9412	137.3330
			*MESH_VERTEX  554	-120.1037	11.4856	134.9510
			*MESH_VERTEX  555	-120.1035	10.1070	138.0995
			*MESH_VERTEX  556	-125.9266	12.8406	134.8493
			*MESH_VERTEX  557	-126.3545	11.4521	137.8018
			*MESH_VERTEX  558	-132.5566	18.6768	136.3318
			*MESH_VERTEX  559	-132.2223	19.7106	135.6232
			*MESH_VERTEX  560	-130.5717	14.1693	136.3405
			*MESH_VERTEX  561	-123.5601	10.7447	136.9158
			*MESH_VERTEX  562	-126.2123	11.8248	136.5279
			*MESH_VERTEX  563	-120.3469	10.1211	137.1021
			*MESH_VERTEX  564	-128.9347	12.6256	137.5560
			*MESH_VERTEX  565	-128.3679	12.5844	136.3795
			*MESH_VERTEX  566	-127.9562	13.8140	134.8446
			*MESH_VERTEX  567	-131.7689	24.1501	125.1935
			*MESH_VERTEX  568	-121.0177	21.3442	116.8865
			*MESH_VERTEX  569	-129.9953	24.9959	120.4777
			*MESH_VERTEX  570	-128.5059	22.6178	125.0255
			*MESH_VERTEX  571	-126.6583	21.9235	118.8114
			*MESH_VERTEX  572	-129.2551	23.2563	120.4736
			*MESH_VERTEX  573	-128.9679	22.6079	122.2687
			*MESH_VERTEX  574	-121.1758	18.2166	119.8265
			*MESH_VERTEX  575	-121.0573	19.4288	117.6289
			*MESH_VERTEX  576	-120.9693	17.9802	122.1971
			*MESH_VERTEX  577	-133.8910	26.4008	130.6259
			*MESH_VERTEX  578	-132.4004	25.0110	124.0448
			*MESH_VERTEX  579	-134.3396	26.4081	129.9177
			*MESH_VERTEX  580	-123.4451	18.8771	122.6407
			*MESH_VERTEX  581	-123.6731	19.1890	120.2245
			*MESH_VERTEX  582	-123.9094	20.3217	118.1627
			*MESH_VERTEX  583	-124.0999	22.3778	117.5516
			*MESH_VERTEX  584	-129.7853	10.0973	158.4785
			*MESH_VERTEX  585	-130.8929	12.7206	157.3382
			*MESH_VERTEX  586	-182.0960	126.3286	202.2166
			*MESH_VERTEX  587	-167.9551	128.1828	232.2388
			*MESH_VERTEX  588	-192.4576	91.4715	72.9570
			*MESH_VERTEX  589	-175.5025	95.3961	179.6522
			*MESH_VERTEX  590	-174.8794	101.3670	176.0971
			*MESH_VERTEX  591	-174.3075	97.7221	174.1047
			*MESH_VERTEX  592	-175.7858	99.1058	174.4017
			*MESH_VERTEX  593	-176.3878	94.4103	177.2649
			*MESH_VERTEX  594	-174.3002	93.3960	176.2886
			*MESH_VERTEX  595	-174.4355	88.7272	173.6396
			*MESH_VERTEX  596	-173.2111	87.5509	174.5064
			*MESH_VERTEX  597	-174.3404	88.4496	169.1039
			*MESH_VERTEX  598	-172.8956	85.4611	168.3749
			*MESH_VERTEX  599	-175.0501	86.2485	175.1755
			*MESH_VERTEX  600	-170.9227	84.2638	157.9682
			*MESH_VERTEX  601	-168.8958	86.8730	160.2919
			*MESH_VERTEX  602	-169.0115	83.8504	161.3822
			*MESH_VERTEX  603	-170.2506	80.6245	159.2513
			*MESH_VERTEX  604	-171.2996	87.6974	164.0410
			*MESH_VERTEX  605	-170.1514	84.8111	163.7155
			*MESH_VERTEX  606	-174.2100	90.0361	165.3404
			*MESH_VERTEX  607	-172.3268	96.1735	155.1898
			*MESH_VERTEX  608	-175.3415	104.9412	168.8233
			*MESH_VERTEX  609	-176.1918	101.4044	167.8195
			*MESH_VERTEX  610	-173.2510	93.5300	156.6838
			*MESH_VERTEX  611	-170.3760	86.7022	151.3400
			*MESH_VERTEX  612	-163.4052	78.2341	146.3937
			*MESH_VERTEX  613	-167.2445	77.6910	150.3319
			*MESH_VERTEX  614	-167.4515	88.2292	148.4660
			*MESH_VERTEX  615	-175.2651	99.6517	168.2023
			*MESH_VERTEX  616	-174.3773	96.9311	173.2027
			*MESH_VERTEX  617	-175.1450	98.4483	167.8441
			*MESH_VERTEX  618	-171.4641	82.1286	163.8992
			*MESH_VERTEX  619	-172.9249	88.9608	160.1850
			*MESH_VERTEX  620	-175.2556	85.2759	177.0870
			*MESH_VERTEX  621	-174.3370	92.6131	175.1514
			*MESH_VERTEX  622	-129.9369	8.1045	155.7725
			*MESH_VERTEX  623	-130.9553	11.3006	155.0558
			*MESH_VERTEX  624	-157.0072	27.3425	161.7447
			*MESH_VERTEX  625	-154.2872	21.9231	158.5875
			*MESH_VERTEX  626	-173.8133	100.0472	159.4688
			*MESH_VERTEX  627	-165.6785	150.0264	212.6902
			*MESH_VERTEX  628	-164.0174	153.6923	200.5706
			*MESH_VERTEX  629	-159.9376	145.6587	224.6566
			*MESH_VERTEX  630	-155.9993	150.7949	69.7715
			*MESH_VERTEX  631	-131.5266	28.2745	118.6580
			*MESH_VERTEX  632	-127.4650	26.9311	117.0965
			*MESH_VERTEX  633	-131.5712	22.8751	150.0963
			*MESH_VERTEX  634	-136.9206	30.3864	138.1387
			*MESH_VERTEX  635	-127.9563	18.9850	148.8417
			*MESH_VERTEX  636	-122.6286	25.8859	116.4145
			*MESH_VERTEX  637	-140.9643	55.6406	123.8625
			*MESH_VERTEX  638	-140.2337	54.6056	149.5439
			*MESH_VERTEX  639	-142.2956	54.3179	138.0908
			*MESH_VERTEX  640	-142.2193	34.8426	183.4752
			*MESH_VERTEX  641	-168.0721	53.1557	243.3628
			*MESH_VERTEX  642	-171.1862	72.2141	242.3882
			*MESH_VERTEX  643	-167.9886	8.1930	217.8060
			*MESH_VERTEX  644	-167.7929	87.8155	250.8162
			*MESH_VERTEX  645	-95.3919	19.3172	185.0878
			*MESH_VERTEX  646	-95.3919	20.8990	190.2615
			*MESH_VERTEX  647	-98.0048	20.8745	189.5618
			*MESH_VERTEX  648	-99.9175	20.8077	187.6501
			*MESH_VERTEX  649	-100.6176	20.7165	185.0388
			*MESH_VERTEX  650	-99.9175	20.6254	182.4277
			*MESH_VERTEX  651	-98.0048	20.5586	180.5161
			*MESH_VERTEX  652	-95.3919	20.5342	179.8165
			*MESH_VERTEX  653	-92.7791	20.5586	180.5161
			*MESH_VERTEX  654	-90.8663	20.6254	182.4277
			*MESH_VERTEX  655	-90.1662	20.7166	185.0389
			*MESH_VERTEX  656	-90.8664	20.8077	187.6501
			*MESH_VERTEX  657	-92.7791	20.8745	189.5618
			*MESH_VERTEX  658	-95.3919	24.8556	193.9510
			*MESH_VERTEX  659	-99.9175	24.8133	192.7391
			*MESH_VERTEX  660	-103.2305	24.6976	189.4283
			*MESH_VERTEX  661	-104.4431	24.5397	184.9054
			*MESH_VERTEX  662	-103.2305	24.3818	180.3826
			*MESH_VERTEX  663	-99.9175	24.2661	177.0717
			*MESH_VERTEX  664	-95.3919	24.2238	175.8598
			*MESH_VERTEX  665	-90.8663	24.2661	177.0717
			*MESH_VERTEX  666	-87.5534	24.3818	180.3825
			*MESH_VERTEX  667	-86.3408	24.5397	184.9055
			*MESH_VERTEX  668	-87.5534	24.6976	189.4283
			*MESH_VERTEX  669	-90.8664	24.8133	192.7392
			*MESH_VERTEX  670	-95.3919	30.1270	195.1682
			*MESH_VERTEX  671	-100.6176	30.0781	193.7686
			*MESH_VERTEX  672	-104.4431	29.9446	189.9456
			*MESH_VERTEX  673	-105.8434	29.7622	184.7230
			*MESH_VERTEX  674	-104.4431	29.5799	179.5005
			*MESH_VERTEX  675	-100.6176	29.4464	175.6775
			*MESH_VERTEX  676	-95.3919	29.3975	174.2778
			*MESH_VERTEX  677	-90.1662	29.4464	175.6774
			*MESH_VERTEX  678	-86.3408	29.5799	179.5005
			*MESH_VERTEX  679	-84.9405	29.7623	184.7230
			*MESH_VERTEX  680	-86.3408	29.9446	189.9456
			*MESH_VERTEX  681	-90.1662	30.0781	193.7686
			*MESH_VERTEX  682	-95.3919	30.1270	195.1682
			*MESH_VERTEX  683	-100.6176	30.0781	193.7686
			*MESH_VERTEX  684	-104.4431	29.9446	189.9456
			*MESH_VERTEX  685	-105.8434	29.7622	184.7230
			*MESH_VERTEX  686	-104.4431	29.5799	179.5005
			*MESH_VERTEX  687	-100.6176	29.4464	175.6775
			*MESH_VERTEX  688	-95.3919	29.3975	174.2778
			*MESH_VERTEX  689	-90.1662	29.4464	175.6774
			*MESH_VERTEX  690	-86.3408	29.5799	179.5005
			*MESH_VERTEX  691	-84.9405	29.7623	184.7230
			*MESH_VERTEX  692	-86.3408	29.9446	189.9456
			*MESH_VERTEX  693	-90.1662	30.0781	193.7686
			*MESH_VERTEX  694	-139.3804	19.3196	185.1566
			*MESH_VERTEX  695	-139.3804	20.9013	190.3302
			*MESH_VERTEX  696	-141.9933	20.8769	189.6306
			*MESH_VERTEX  697	-143.9060	20.8101	187.7189
			*MESH_VERTEX  698	-144.6061	20.7189	185.1076
			*MESH_VERTEX  699	-143.9060	20.6278	182.4965
			*MESH_VERTEX  700	-141.9933	20.5610	180.5849
			*MESH_VERTEX  701	-139.3804	20.5366	179.8853
			*MESH_VERTEX  702	-136.7676	20.5610	180.5849
			*MESH_VERTEX  703	-134.8548	20.6278	182.4964
			*MESH_VERTEX  704	-134.1547	20.7189	185.1076
			*MESH_VERTEX  705	-134.8548	20.8101	187.7189
			*MESH_VERTEX  706	-136.7676	20.8769	189.6306
			*MESH_VERTEX  707	-139.3804	24.8580	194.0198
			*MESH_VERTEX  708	-143.9060	24.8157	192.8079
			*MESH_VERTEX  709	-147.2190	24.7000	189.4970
			*MESH_VERTEX  710	-148.4316	24.5421	184.9743
			*MESH_VERTEX  711	-147.2190	24.3842	180.4512
			*MESH_VERTEX  712	-143.9060	24.2686	177.1405
			*MESH_VERTEX  713	-139.3804	24.2262	175.9286
			*MESH_VERTEX  714	-134.8548	24.2685	177.1405
			*MESH_VERTEX  715	-131.5419	24.3842	180.4512
			*MESH_VERTEX  716	-130.3293	24.5421	184.9743
			*MESH_VERTEX  717	-131.5419	24.7000	189.4970
			*MESH_VERTEX  718	-134.8548	24.8157	192.8080
			*MESH_VERTEX  719	-139.3804	30.1294	195.2369
			*MESH_VERTEX  720	-144.6061	30.0805	193.8374
			*MESH_VERTEX  721	-148.4316	29.9470	190.0142
			*MESH_VERTEX  722	-149.8318	29.7646	184.7918
			*MESH_VERTEX  723	-148.4316	29.5823	179.5693
			*MESH_VERTEX  724	-144.6061	29.4488	175.7462
			*MESH_VERTEX  725	-139.3804	29.3999	174.3467
			*MESH_VERTEX  726	-134.1547	29.4488	175.7462
			*MESH_VERTEX  727	-130.3292	29.5823	179.5693
			*MESH_VERTEX  728	-128.9290	29.7646	184.7918
			*MESH_VERTEX  729	-130.3293	29.9470	190.0143
			*MESH_VERTEX  730	-134.1547	30.0805	193.8374
			*MESH_VERTEX  731	-139.3804	30.1294	195.2369
			*MESH_VERTEX  732	-144.6061	30.0805	193.8374
			*MESH_VERTEX  733	-148.4316	29.9470	190.0142
			*MESH_VERTEX  734	-149.8318	29.7646	184.7918
			*MESH_VERTEX  735	-148.4316	29.5823	179.5693
			*MESH_VERTEX  736	-144.6061	29.4488	175.7462
			*MESH_VERTEX  737	-139.3804	29.3999	174.3467
			*MESH_VERTEX  738	-134.1547	29.4488	175.7462
			*MESH_VERTEX  739	-130.3292	29.5823	179.5693
			*MESH_VERTEX  740	-128.9290	29.7646	184.7918
			*MESH_VERTEX  741	-130.3293	29.9470	190.0143
			*MESH_VERTEX  742	-134.1547	30.0805	193.8374
			*MESH_VERTEX  743	-99.8457	46.4565	137.3881
			*MESH_VERTEX  744	-97.1007	42.2101	139.4391
			*MESH_VERTEX  745	-98.6514	41.3674	136.2932
			*MESH_VERTEX  746	-98.3323	35.7971	136.9086
			*MESH_VERTEX  747	-98.5833	40.9827	136.1077
			*MESH_VERTEX  748	-105.3674	31.6279	135.5879
			*MESH_VERTEX  749	-102.4335	29.6509	137.9581
			*MESH_VERTEX  750	-106.0750	31.5490	137.4920
			*MESH_VERTEX  751	-96.6174	50.5124	137.4239
			*MESH_VERTEX  752	-96.5717	47.4530	139.4092
			*MESH_VERTEX  753	-100.3702	52.9945	137.6246
			*MESH_VERTEX  754	-103.2886	35.7075	135.9269
			*MESH_VERTEX  755	-107.2714	20.0700	135.2726
			*MESH_VERTEX  756	-112.7239	22.0501	137.2953
			*MESH_VERTEX  757	-111.3694	17.9638	134.3087
			*MESH_VERTEX  758	-106.3173	29.7148	135.5552
			*MESH_VERTEX  759	-103.2991	25.2460	134.4909
			*MESH_VERTEX  760	-109.1618	23.9881	138.0674
			*MESH_VERTEX  761	-103.5498	24.1296	133.7593
			*MESH_VERTEX  762	-105.9310	19.6792	135.0362
			*MESH_VERTEX  763	-117.3724	16.1698	132.6703
			*MESH_VERTEX  764	-115.0905	20.4869	138.8435
			*MESH_VERTEX  765	-107.7211	27.4017	137.8563
			*MESH_VERTEX  766	-107.9455	20.7688	137.4228
			*MESH_VERTEX  767	-103.8014	42.6474	139.5727
			*MESH_VERTEX  768	-111.8864	17.7061	132.7753
			*MESH_VERTEX  769	-101.9719	43.4875	135.9758
			*MESH_VERTEX  770	-103.3541	34.6461	136.1419
			*MESH_VERTEX  771	-102.3462	30.2000	135.6780
			*MESH_VERTEX  772	-115.7476	16.5372	140.3390
			*MESH_VERTEX  773	-99.8295	47.9664	137.4892
			*MESH_VERTEX  774	-96.8178	51.5311	136.9723
			*MESH_VERTEX  775	-107.2961	27.8914	135.4054
			*MESH_VERTEX  776	-97.3007	47.0447	139.2600
			*MESH_VERTEX  777	-98.2539	39.6529	134.9352
			*MESH_VERTEX  778	-103.5504	41.2968	138.9085
			*MESH_VERTEX  779	-111.7457	18.5950	136.8148
			*MESH_VERTEX  780	-104.7069	21.4371	132.7918
			*MESH_VERTEX  781	-100.8553	49.5508	136.5444
			*MESH_VERTEX  782	-117.1001	15.7502	132.5329
			*MESH_VERTEX  783	-115.0426	18.7239	136.0261
			*MESH_VERTEX  784	-100.1647	32.1182	134.3284
			*MESH_VERTEX  785	-97.6201	43.8499	135.9179
			*MESH_VERTEX  786	-98.7431	40.8877	137.5264
			*MESH_VERTEX  787	-99.0263	48.3676	137.4109
			*MESH_VERTEX  788	-109.4971	17.9257	133.0273
			*MESH_VERTEX  789	-106.0782	30.8580	137.2955
			*MESH_VERTEX  790	-103.3627	41.4183	135.0876
			*MESH_VERTEX  791	-103.7298	38.8720	134.4471
			*MESH_VERTEX  792	-101.5646	29.4840	135.4197
			*MESH_VERTEX  793	-113.1531	16.0747	137.3692
			*MESH_VERTEX  794	-105.4185	33.4818	135.3899
			*MESH_VERTEX  795	-103.8882	24.0430	139.1498
			*MESH_VERTEX  796	-106.9389	19.8933	133.8059
			*MESH_VERTEX  797	-100.1985	32.1739	139.1168
			*MESH_VERTEX  798	-95.6239	49.3880	139.2391
			*MESH_VERTEX  799	-99.5546	43.9885	137.2772
			*MESH_VERTEX  800	-110.4658	22.8367	137.3465
			*MESH_VERTEX  801	-107.7389	20.0193	133.4570
			*MESH_VERTEX  802	-101.5372	50.8867	136.9365
			*MESH_VERTEX  803	-98.2440	50.4869	138.3210
			*MESH_VERTEX  804	-109.4657	17.8162	137.2392
			*MESH_VERTEX  805	-102.2704	26.7765	133.6472
			*MESH_VERTEX  806	-97.2635	41.9189	137.6940
			*MESH_VERTEX  807	-99.0271	35.6326	134.8236
			*MESH_VERTEX  808	-105.4789	34.3549	138.3618
			*MESH_VERTEX  809	-97.3718	47.0498	136.6531
			*MESH_VERTEX  810	-97.6376	41.3094	138.9528
			*MESH_VERTEX  811	-111.6686	17.0754	132.9682
			*MESH_VERTEX  812	-105.7118	28.2964	133.9189
			*MESH_VERTEX  813	-117.1883	16.5748	137.1776
			*MESH_VERTEX  814	-107.8170	25.1172	138.5318
			*MESH_VERTEX  815	-98.3413	52.7972	138.1662
			*MESH_VERTEX  816	-107.6486	19.8335	137.0151
			*MESH_VERTEX  817	-111.6705	18.2046	134.8744
			*MESH_VERTEX  818	-99.8305	33.3573	135.1730
			*MESH_VERTEX  819	-107.3472	19.6962	133.6576
			*MESH_VERTEX  820	-96.6602	48.8238	136.4557
			*MESH_VERTEX  821	-102.3658	32.6841	136.2113
			*MESH_VERTEX  822	-104.2605	20.5435	134.3599
			*MESH_VERTEX  823	-101.2417	28.3739	139.3828
			*MESH_VERTEX  824	-101.9575	45.7743	136.4795
			*MESH_VERTEX  825	-101.1716	47.0176	140.7478
			*MESH_VERTEX  826	-105.0247	30.2689	135.3057
			*MESH_VERTEX  827	-101.1423	37.3196	136.9422
			*MESH_VERTEX  828	-99.7671	34.5204	138.0708
			*MESH_VERTEX  829	-95.4524	50.7072	140.4419
			*MESH_VERTEX  830	-96.6636	44.2651	137.9115
			*MESH_VERTEX  831	-111.0459	17.6847	133.1912
			*MESH_VERTEX  832	-97.6796	39.5896	136.8906
			*MESH_VERTEX  833	-102.1185	46.3606	141.0028
			*MESH_VERTEX  834	-96.2493	51.8385	138.6850
			*MESH_VERTEX  835	-103.4154	21.1895	137.4331
			*MESH_VERTEX  836	-103.7144	24.2155	139.3342
			*MESH_VERTEX  837	-105.6906	26.1412	135.1103
			*MESH_VERTEX  838	-100.9251	30.5709	139.1575
			*MESH_VERTEX  839	-101.2212	30.2178	134.6196
			*MESH_VERTEX  840	-101.7607	42.1168	136.5933
			*MESH_VERTEX  841	-109.7735	18.4949	139.3206
			*MESH_VERTEX  842	-100.1194	41.4540	136.3109
			*MESH_VERTEX  843	-101.4041	47.6061	136.2389
			*MESH_VERTEX  844	-97.9313	36.8365	139.0161
			*MESH_VERTEX  845	-117.6306	17.3242	136.5702
			*MESH_VERTEX  846	-115.2673	23.4815	139.9793
			*MESH_VERTEX  847	-107.5838	20.6086	137.3917
			*MESH_VERTEX  848	-110.3929	23.5662	137.5771
			*MESH_VERTEX  849	-109.7704	26.7458	139.3689
			*MESH_VERTEX  850	-98.6773	41.0861	137.5856
			*MESH_VERTEX  851	-100.8782	52.8739	139.5223
			*MESH_VERTEX  852	-97.2590	52.5308	139.7317
			*MESH_VERTEX  853	-96.2266	40.7030	143.3877
			*MESH_VERTEX  854	-104.7080	39.6690	139.1906
			*MESH_VERTEX  855	-104.4369	36.4810	138.0217
			*MESH_VERTEX  856	-111.8977	18.5550	136.8576
			*MESH_VERTEX  857	-101.6643	26.4333	140.2715
			*MESH_VERTEX  858	-102.3840	24.6128	140.1817
			*MESH_VERTEX  859	-109.8930	31.0662	142.8127
			*MESH_VERTEX  860	-117.6306	16.1990	142.5012
			*MESH_VERTEX  861	-99.3092	30.3203	142.2428
			*MESH_VERTEX  862	-94.5996	49.2210	142.2256
			*MESH_VERTEX  863	-104.4925	21.2455	140.7448
			*MESH_VERTEX  864	-117.6306	33.9387	148.2143
			*MESH_VERTEX  865	-98.3617	55.0553	139.2016
			*MESH_VERTEX  866	-96.0791	55.3307	150.1987
			*MESH_VERTEX  867	-107.8885	37.5053	142.9956
			*MESH_VERTEX  868	-110.7951	17.4284	140.8275
			*MESH_VERTEX  869	-96.5225	45.9620	150.1991
			*MESH_VERTEX  870	-107.0946	19.7736	141.5444
			*MESH_VERTEX  871	-102.2837	23.9363	141.9933
			*MESH_VERTEX  872	-104.1716	20.6821	143.1584
			*MESH_VERTEX  873	-99.5223	33.6975	150.1996
			*MESH_VERTEX  874	-117.6306	54.5719	147.4328
			*MESH_VERTEX  875	-102.9582	24.9097	150.1997
			*MESH_VERTEX  876	-109.9836	18.9331	150.1999
			*MESH_VERTEX  877	-117.6306	15.9820	150.1999
			*MESH_VERTEX  878	-113.6589	17.1910	140.1334
			*MESH_VERTEX  879	-113.8027	15.5811	142.8000
			*MESH_VERTEX  880	-114.3879	16.5089	132.4023
			*MESH_VERTEX  881	-114.9460	15.9817	132.4201
			*MESH_VERTEX  882	-115.3466	15.5486	137.0544
			*MESH_VERTEX  883	-117.5511	15.9783	133.5141
			*MESH_VERTEX  884	-108.6864	19.1786	139.4595
			*MESH_VERTEX  885	-101.5990	34.5468	136.6083
			*MESH_VERTEX  886	-114.7003	16.8650	140.4770
			*MESH_VERTEX  887	-116.6581	16.9369	139.1755
			*MESH_VERTEX  888	-111.0331	18.3993	138.1811
			*MESH_VERTEX  889	-105.4064	20.7574	140.5791
			*MESH_VERTEX  890	-106.3835	20.5863	139.5740
			*MESH_VERTEX  891	-107.9782	20.1899	138.3702
			*MESH_VERTEX  892	-103.4753	24.7501	135.5124
			*MESH_VERTEX  893	-103.8711	22.5840	140.1639
			*MESH_VERTEX  894	-102.0283	29.2599	138.0022
			*MESH_VERTEX  895	-96.8313	44.6656	139.6088
			*MESH_VERTEX  896	-106.3350	20.1296	133.4066
			*MESH_VERTEX  897	-113.0257	17.9406	139.2067
			*MESH_VERTEX  898	-112.1059	17.5613	140.6447
			*MESH_VERTEX  899	-135.4156	46.4565	137.3881
			*MESH_VERTEX  900	-138.1605	42.2101	139.4391
			*MESH_VERTEX  901	-136.6098	41.3674	136.2933
			*MESH_VERTEX  902	-136.9289	35.7971	136.9086
			*MESH_VERTEX  903	-136.6780	40.9827	136.1077
			*MESH_VERTEX  904	-129.8939	31.6279	135.5878
			*MESH_VERTEX  905	-132.8278	29.6509	137.9581
			*MESH_VERTEX  906	-129.1863	31.5490	137.4920
			*MESH_VERTEX  907	-138.6439	50.5124	137.4239
			*MESH_VERTEX  908	-138.6896	47.4531	139.4091
			*MESH_VERTEX  909	-134.8911	52.9945	137.6246
			*MESH_VERTEX  910	-131.9726	35.7075	135.9269
			*MESH_VERTEX  911	-127.9899	20.0700	135.2726
			*MESH_VERTEX  912	-122.5374	22.0501	137.2953
			*MESH_VERTEX  913	-123.8918	17.9638	134.3087
			*MESH_VERTEX  914	-128.9439	29.7148	135.5551
			*MESH_VERTEX  915	-131.9622	25.2460	134.4909
			*MESH_VERTEX  916	-126.0995	23.9881	138.0674
			*MESH_VERTEX  917	-131.7114	24.1296	133.7593
			*MESH_VERTEX  918	-129.3303	19.6792	135.0362
			*MESH_VERTEX  919	-117.8889	16.1698	132.6703
			*MESH_VERTEX  920	-120.1708	20.4869	138.8435
			*MESH_VERTEX  921	-127.5402	27.4017	137.8563
			*MESH_VERTEX  922	-127.3158	20.7687	137.4229
			*MESH_VERTEX  923	-131.4599	42.6474	139.5727
			*MESH_VERTEX  924	-123.3749	17.7060	132.7753
			*MESH_VERTEX  925	-133.2893	43.4875	135.9757
			*MESH_VERTEX  926	-131.9072	34.6461	136.1419
			*MESH_VERTEX  927	-132.9151	30.2000	135.6780
			*MESH_VERTEX  928	-119.5136	16.5372	140.3390
			*MESH_VERTEX  929	-135.4317	47.9664	137.4892
			*MESH_VERTEX  930	-138.4435	51.5311	136.9723
			*MESH_VERTEX  931	-127.9652	27.8914	135.4054
			*MESH_VERTEX  932	-137.9606	47.0447	139.2601
			*MESH_VERTEX  933	-137.0074	39.6529	134.9352
			*MESH_VERTEX  934	-131.7108	41.2968	138.9085
			*MESH_VERTEX  935	-123.5156	18.5950	136.8148
			*MESH_VERTEX  936	-130.5544	21.4371	132.7918
			*MESH_VERTEX  937	-134.4060	49.5508	136.5444
			*MESH_VERTEX  938	-118.1611	15.7502	132.5329
			*MESH_VERTEX  939	-120.2186	18.7239	136.0261
			*MESH_VERTEX  940	-135.0966	32.1182	134.3284
			*MESH_VERTEX  941	-137.6412	43.8499	135.9179
			*MESH_VERTEX  942	-136.5181	40.8877	137.5263
			*MESH_VERTEX  943	-136.2350	48.3676	137.4109
			*MESH_VERTEX  944	-125.7642	17.9257	133.0273
			*MESH_VERTEX  945	-129.1831	30.8580	137.2956
			*MESH_VERTEX  946	-131.8985	41.4183	135.0876
			*MESH_VERTEX  947	-131.5314	38.8720	134.4472
			*MESH_VERTEX  948	-133.6966	29.4840	135.4197
			*MESH_VERTEX  949	-122.1082	16.0747	137.3693
			*MESH_VERTEX  950	-129.8428	33.4818	135.3899
			*MESH_VERTEX  951	-131.3731	24.0430	139.1498
			*MESH_VERTEX  952	-128.3224	19.8933	133.8059
			*MESH_VERTEX  953	-135.0628	32.1739	139.1168
			*MESH_VERTEX  954	-139.6374	49.3880	139.2391
			*MESH_VERTEX  955	-135.7067	43.9885	137.2772
			*MESH_VERTEX  956	-124.7954	22.8367	137.3465
			*MESH_VERTEX  957	-127.5223	20.0193	133.4569
			*MESH_VERTEX  958	-133.7240	50.8867	136.9365
			*MESH_VERTEX  959	-137.0173	50.4870	138.3210
			*MESH_VERTEX  960	-125.7955	17.8162	137.2391
			*MESH_VERTEX  961	-132.9908	26.7765	133.6472
			*MESH_VERTEX  962	-137.9978	41.9189	137.6940
			*MESH_VERTEX  963	-136.2341	35.6326	134.8235
			*MESH_VERTEX  964	-129.7824	34.3549	138.3618
			*MESH_VERTEX  965	-137.8895	47.0498	136.6531
			*MESH_VERTEX  966	-137.6236	41.3094	138.9528
			*MESH_VERTEX  967	-123.5927	17.0754	132.9682
			*MESH_VERTEX  968	-129.5495	28.2964	133.9190
			*MESH_VERTEX  969	-118.0729	16.5748	137.1776
			*MESH_VERTEX  970	-127.4443	25.1173	138.5318
			*MESH_VERTEX  971	-136.9200	52.7973	138.1661
			*MESH_VERTEX  972	-127.6127	19.8335	137.0151
			*MESH_VERTEX  973	-123.5908	18.2046	134.8743
			*MESH_VERTEX  974	-135.4308	33.3573	135.1730
			*MESH_VERTEX  975	-127.9140	19.6962	133.6577
			*MESH_VERTEX  976	-138.6011	48.8238	136.4557
			*MESH_VERTEX  977	-132.8955	32.6841	136.2113
			*MESH_VERTEX  978	-131.0007	20.5435	134.3599
			*MESH_VERTEX  979	-134.0196	28.3739	139.3828
			*MESH_VERTEX  980	-133.3037	45.7743	136.4795
			*MESH_VERTEX  981	-134.0897	47.0176	140.7478
			*MESH_VERTEX  982	-130.2365	30.2689	135.3057
			*MESH_VERTEX  983	-134.1190	37.3196	136.9423
			*MESH_VERTEX  984	-135.4941	34.5204	138.0708
			*MESH_VERTEX  985	-139.9450	50.7072	140.5770
			*MESH_VERTEX  986	-138.5977	44.2651	137.9115
			*MESH_VERTEX  987	-124.2154	17.6847	133.1912
			*MESH_VERTEX  988	-137.5816	39.5896	136.8906
			*MESH_VERTEX  989	-133.1428	46.3606	141.0028
			*MESH_VERTEX  990	-139.0120	51.8385	138.6850
			*MESH_VERTEX  991	-131.8459	21.1895	137.4330
			*MESH_VERTEX  992	-131.5468	24.2154	139.3342
			*MESH_VERTEX  993	-129.5706	26.1411	135.1104
			*MESH_VERTEX  994	-134.3362	30.5709	139.1575
			*MESH_VERTEX  995	-134.0401	30.2178	134.6197
			*MESH_VERTEX  996	-133.5006	42.1168	136.5932
			*MESH_VERTEX  997	-125.4878	18.4949	139.3206
			*MESH_VERTEX  998	-135.1419	41.4540	136.3109
			*MESH_VERTEX  999	-133.8572	47.6061	136.2389
			*MESH_VERTEX 1000	-137.3299	36.8365	139.0161
			*MESH_VERTEX 1001	-119.9939	23.4815	139.9793
			*MESH_VERTEX 1002	-127.6775	20.6086	137.3916
			*MESH_VERTEX 1003	-124.8684	23.5662	137.5771
			*MESH_VERTEX 1004	-125.4909	26.7458	139.3689
			*MESH_VERTEX 1005	-136.5840	41.0861	137.5856
			*MESH_VERTEX 1006	-134.3831	52.8739	139.5223
			*MESH_VERTEX 1007	-138.0023	52.5308	139.7317
			*MESH_VERTEX 1008	-139.0204	40.7030	143.3877
			*MESH_VERTEX 1009	-130.5533	39.6690	139.1905
			*MESH_VERTEX 1010	-130.8244	36.4810	138.0216
			*MESH_VERTEX 1011	-123.3635	18.5550	136.8576
			*MESH_VERTEX 1012	-133.5970	26.4333	140.2715
			*MESH_VERTEX 1013	-132.8772	24.6128	140.1817
			*MESH_VERTEX 1014	-125.3682	31.0662	142.8127
			*MESH_VERTEX 1015	-135.9520	30.3203	142.2427
			*MESH_VERTEX 1016	-140.5140	49.2210	142.2257
			*MESH_VERTEX 1017	-130.7688	21.2455	140.7448
			*MESH_VERTEX 1018	-136.8996	55.0554	139.2016
			*MESH_VERTEX 1019	-139.1822	55.3307	150.1987
			*MESH_VERTEX 1020	-127.3728	37.5053	142.9956
			*MESH_VERTEX 1021	-124.4662	17.4285	140.8275
			*MESH_VERTEX 1022	-138.7388	45.9620	150.1991
			*MESH_VERTEX 1023	-128.1666	19.7736	141.5443
			*MESH_VERTEX 1024	-132.9776	23.9363	141.9932
			*MESH_VERTEX 1025	-131.0896	20.6821	143.1585
			*MESH_VERTEX 1026	-135.7390	33.6975	150.1996
			*MESH_VERTEX 1027	-132.3031	24.9097	150.1997
			*MESH_VERTEX 1028	-125.2777	18.9332	150.1999
			*MESH_VERTEX 1029	-121.6023	17.1910	140.1334
			*MESH_VERTEX 1030	-121.4586	15.5812	142.8000
			*MESH_VERTEX 1031	-120.8733	16.5089	132.4023
			*MESH_VERTEX 1032	-120.3152	15.9817	132.4201
			*MESH_VERTEX 1033	-119.9146	15.5485	137.0544
			*MESH_VERTEX 1034	-117.7101	15.9783	133.5141
			*MESH_VERTEX 1035	-126.5748	19.1786	139.4595
			*MESH_VERTEX 1036	-133.6623	34.5468	136.6083
			*MESH_VERTEX 1037	-120.5609	16.8650	140.4770
			*MESH_VERTEX 1038	-118.6032	16.9369	139.1755
			*MESH_VERTEX 1039	-124.2281	18.3993	138.1811
			*MESH_VERTEX 1040	-129.8548	20.7574	140.5791
			*MESH_VERTEX 1041	-128.8777	20.5863	139.5740
			*MESH_VERTEX 1042	-127.2831	20.1899	138.3702
			*MESH_VERTEX 1043	-131.7860	24.7501	135.5124
			*MESH_VERTEX 1044	-131.3902	22.5840	140.1639
			*MESH_VERTEX 1045	-133.2330	29.2599	138.0022
			*MESH_VERTEX 1046	-138.4300	44.6656	139.6088
			*MESH_VERTEX 1047	-128.9263	20.1296	133.4066
			*MESH_VERTEX 1048	-122.2355	17.9406	139.2067
			*MESH_VERTEX 1049	-123.1553	17.5613	140.6446
			*MESH_VERTEX 1050	-140.2893	47.8606	145.5537
			*MESH_VERTEX 1051	-94.9443	47.7461	145.8342
			*MESH_VERTEX 1052	-117.5529	22.0416	121.9808
			*MESH_VERTEX 1053	-117.4604	22.0016	121.9338
			*MESH_VERTEX 1054	-117.4604	56.7833	122.0555
			*MESH_VERTEX 1055	-117.4604	31.5877	117.5624
			*MESH_VERTEX 1056	-117.4604	22.6377	112.6680
			*MESH_VERTEX 1057	-133.6115	36.8819	126.4286
			*MESH_VERTEX 1058	-136.2929	43.3683	126.8014
			*MESH_VERTEX 1059	-130.0529	39.1571	124.1808
			*MESH_VERTEX 1060	-134.8525	51.0222	128.8659
			*MESH_VERTEX 1061	-131.3334	47.3466	130.4622
			*MESH_VERTEX 1062	-135.9635	43.9801	127.2348
			*MESH_VERTEX 1063	-136.7780	50.8079	129.6122
			*MESH_VERTEX 1064	-132.7780	52.4200	128.8703
			*MESH_VERTEX 1065	-136.9279	54.6837	133.9975
			*MESH_VERTEX 1066	-132.4045	44.0618	128.7615
			*MESH_VERTEX 1067	-134.9705	44.2584	129.8457
			*MESH_VERTEX 1068	-128.0108	30.9283	126.2055
			*MESH_VERTEX 1069	-130.0290	27.0434	124.3301
			*MESH_VERTEX 1070	-133.4767	34.8619	127.6047
			*MESH_VERTEX 1071	-129.6678	35.6161	126.9063
			*MESH_VERTEX 1072	-121.9049	25.7536	121.9483
			*MESH_VERTEX 1073	-124.8462	23.2620	124.9346
			*MESH_VERTEX 1074	-136.0231	39.9749	127.1741
			*MESH_VERTEX 1075	-127.1261	24.7920	119.2200
			*MESH_VERTEX 1076	-125.5252	23.5554	124.6641
			*MESH_VERTEX 1077	-128.8608	32.2790	124.0216
			*MESH_VERTEX 1078	-134.8239	50.2909	131.1968
			*MESH_VERTEX 1079	-130.3783	32.1440	124.5493
			*MESH_VERTEX 1080	-117.7309	21.4133	124.4856
			*MESH_VERTEX 1081	-121.4689	21.9382	124.7242
			*MESH_VERTEX 1082	-129.5140	33.4555	127.3464
			*MESH_VERTEX 1083	-121.4840	23.1086	121.8070
			*MESH_VERTEX 1084	-132.0816	48.4471	126.6848
			*MESH_VERTEX 1085	-127.5782	25.3799	125.5471
			*MESH_VERTEX 1086	-136.0270	48.1929	131.6122
			*MESH_VERTEX 1087	-137.9106	49.1358	127.6763
			*MESH_VERTEX 1088	-135.3497	38.0695	124.4757
			*MESH_VERTEX 1089	-130.6714	37.0419	128.0824
			*MESH_VERTEX 1090	-121.5914	22.2485	124.6239
			*MESH_VERTEX 1091	-130.5199	37.0937	125.3495
			*MESH_VERTEX 1092	-134.8905	40.6395	129.3211
			*MESH_VERTEX 1093	-129.7511	31.4458	126.2894
			*MESH_VERTEX 1094	-132.2406	44.3182	126.7800
			*MESH_VERTEX 1095	-135.8425	55.8094	133.6137
			*MESH_VERTEX 1096	-130.5274	36.9612	127.6594
			*MESH_VERTEX 1097	-118.2979	25.5412	120.9405
			*MESH_VERTEX 1098	-133.7000	53.3122	132.5674
			*MESH_VERTEX 1099	-131.1881	44.9266	129.7494
			*MESH_VERTEX 1100	-127.0861	30.8094	122.3153
			*MESH_VERTEX 1101	-124.9948	24.2355	122.1032
			*MESH_VERTEX 1102	-134.1242	50.1122	131.3271
			*MESH_VERTEX 1103	-130.7593	34.0384	126.5834
			*MESH_VERTEX 1104	-129.0712	30.2632	125.4420
			*MESH_VERTEX 1105	-136.6132	44.1178	128.5328
			*MESH_VERTEX 1106	-135.6843	53.8092	132.9207
			*MESH_VERTEX 1107	-129.4008	27.7673	124.8781
			*MESH_VERTEX 1108	-133.6189	40.8683	128.7587
			*MESH_VERTEX 1109	-128.3769	26.6770	124.8608
			*MESH_VERTEX 1110	-137.7782	52.0753	133.3456
			*MESH_VERTEX 1111	-120.1826	21.2919	124.7800
			*MESH_VERTEX 1112	-133.3998	43.7243	129.2458
			*MESH_VERTEX 1113	-132.2140	50.3421	129.9853
			*MESH_VERTEX 1114	-129.5611	41.7098	124.5695
			*MESH_VERTEX 1115	-134.8426	51.2140	129.6842
			*MESH_VERTEX 1116	-130.9778	43.1883	129.6745
			*MESH_VERTEX 1117	-126.9375	23.7680	122.9906
			*MESH_VERTEX 1118	-132.1989	31.6542	126.7326
			*MESH_VERTEX 1119	-133.2526	51.5551	132.1328
			*MESH_VERTEX 1120	-135.1801	43.0572	129.2588
			*MESH_VERTEX 1121	-131.4794	28.8015	125.9405
			*MESH_VERTEX 1122	-136.4026	40.6287	124.9522
			*MESH_VERTEX 1123	-133.8649	32.7328	125.4090
			*MESH_VERTEX 1124	-121.6639	23.7386	123.2162
			*MESH_VERTEX 1125	-128.3967	27.6374	123.8045
			*MESH_VERTEX 1126	-128.9773	34.9005	123.6857
			*MESH_VERTEX 1127	-129.9590	38.9271	128.7658
			*MESH_VERTEX 1128	-132.2643	37.1147	125.6641
			*MESH_VERTEX 1129	-136.3465	49.7284	129.9485
			*MESH_VERTEX 1130	-124.1271	26.2495	124.3229
			*MESH_VERTEX 1131	-128.4327	25.0494	122.9158
			*MESH_VERTEX 1132	-136.9306	50.2008	132.4469
			*MESH_VERTEX 1133	-135.0938	37.1213	125.8002
			*MESH_VERTEX 1134	-124.3743	22.7573	121.9174
			*MESH_VERTEX 1135	-133.4006	54.8483	129.4517
			*MESH_VERTEX 1136	-127.7777	29.8670	125.7612
			*MESH_VERTEX 1137	-131.0618	29.7463	126.5533
			*MESH_VERTEX 1138	-133.4738	55.1121	133.4108
			*MESH_VERTEX 1139	-131.8769	48.6607	131.2921
			*MESH_VERTEX 1140	-120.7949	25.1261	121.6365
			*MESH_VERTEX 1141	-127.8681	28.0449	124.5049
			*MESH_VERTEX 1142	-133.6167	45.9109	129.7396
			*MESH_VERTEX 1143	-134.2691	37.0867	128.2179
			*MESH_VERTEX 1144	-125.8364	24.4782	120.2591
			*MESH_VERTEX 1145	-133.1306	45.9070	126.1172
			*MESH_VERTEX 1146	-118.9989	21.4353	120.6880
			*MESH_VERTEX 1147	-120.1713	21.5325	120.8546
			*MESH_VERTEX 1148	-122.9499	21.8982	124.9588
			*MESH_VERTEX 1149	-126.6787	24.0713	125.8234
			*MESH_VERTEX 1150	-133.5491	50.5027	127.6128
			*MESH_VERTEX 1151	-132.1394	36.7780	127.4137
			*MESH_VERTEX 1152	-122.7552	22.4307	120.9372
			*MESH_VERTEX 1153	-129.5489	37.0396	124.5801
			*MESH_VERTEX 1154	-127.3976	24.5025	120.5809
			*MESH_VERTEX 1155	-133.0596	52.5326	131.8684
			*MESH_VERTEX 1156	-133.5548	36.3101	125.4091
			*MESH_VERTEX 1157	-136.3621	37.0780	122.9817
			*MESH_VERTEX 1158	-130.9391	45.2395	126.3092
			*MESH_VERTEX 1159	-130.4716	51.3493	126.7343
			*MESH_VERTEX 1160	-124.8014	24.2998	122.1082
			*MESH_VERTEX 1161	-130.9989	31.7280	124.3307
			*MESH_VERTEX 1162	-127.9919	35.3847	123.1941
			*MESH_VERTEX 1163	-125.8165	28.8301	121.4277
			*MESH_VERTEX 1164	-140.1658	50.3030	127.5912
			*MESH_VERTEX 1165	-133.1399	32.8834	122.8615
			*MESH_VERTEX 1166	-119.9568	21.8358	118.1995
			*MESH_VERTEX 1167	-138.0012	44.1389	124.5142
			*MESH_VERTEX 1168	-128.2824	28.0710	122.8889
			*MESH_VERTEX 1169	-139.1892	55.2866	130.5769
			*MESH_VERTEX 1170	-134.1744	56.4306	131.8776
			*MESH_VERTEX 1171	-125.4057	23.4295	118.0554
			*MESH_VERTEX 1172	-123.1227	23.1221	119.5724
			*MESH_VERTEX 1173	-135.4689	33.6396	121.8713
			*MESH_VERTEX 1174	-132.0119	29.2847	120.8042
			*MESH_VERTEX 1175	-133.4187	31.5118	121.2862
			*MESH_VERTEX 1176	-139.2667	53.3295	129.5033
			*MESH_VERTEX 1177	-141.2836	61.1970	120.3440
			*MESH_VERTEX 1178	-135.2267	32.6060	113.9349
			*MESH_VERTEX 1179	-138.6609	42.6808	116.4148
			*MESH_VERTEX 1180	-123.6850	23.9629	112.5555
			*MESH_VERTEX 1181	-130.0417	26.1958	113.4074
			*MESH_VERTEX 1182	-117.4604	21.4450	118.4724
			*MESH_VERTEX 1183	-118.4277	21.9172	119.6127
			*MESH_VERTEX 1184	-119.0834	21.9962	118.4902
			*MESH_VERTEX 1185	-119.4400	21.8658	118.1420
			*MESH_VERTEX 1186	-120.4766	22.3571	118.9852
			*MESH_VERTEX 1187	-122.3802	23.2517	119.8892
			*MESH_VERTEX 1188	-124.2395	23.7830	120.2965
			*MESH_VERTEX 1189	-117.6344	21.6206	124.4383
			*MESH_VERTEX 1190	-118.7349	21.3443	124.7063
			*MESH_VERTEX 1191	-121.4008	21.6418	124.7573
			*MESH_VERTEX 1192	-130.6357	26.8128	119.1728
			*MESH_VERTEX 1193	-128.5215	26.4082	120.5496
			*MESH_VERTEX 1194	-128.0686	25.4739	119.5351
			*MESH_VERTEX 1195	-129.9173	28.1943	121.2559
			*MESH_VERTEX 1196	-132.3165	30.8432	121.9537
			*MESH_VERTEX 1197	-133.7942	34.7696	123.0887
			*MESH_VERTEX 1198	-137.1150	45.7292	126.7823
			*MESH_VERTEX 1199	-137.9932	51.7676	129.0965
			*MESH_VERTEX 1200	-123.6650	23.5482	119.7272
			*MESH_VERTEX 1201	-126.4382	24.6779	119.5309
			*MESH_VERTEX 1202	-130.8215	28.7603	120.8057
			*MESH_VERTEX 1203	-117.3678	22.0416	121.9808
			*MESH_VERTEX 1204	-101.3093	36.8819	126.4285
			*MESH_VERTEX 1205	-98.6279	43.3682	126.8014
			*MESH_VERTEX 1206	-104.8678	39.1571	124.1809
			*MESH_VERTEX 1207	-100.0683	51.0222	128.8659
			*MESH_VERTEX 1208	-103.5873	47.3466	130.4621
			*MESH_VERTEX 1209	-98.9572	43.9801	127.2348
			*MESH_VERTEX 1210	-98.1428	50.8079	129.6122
			*MESH_VERTEX 1211	-102.1428	52.4200	128.8702
			*MESH_VERTEX 1212	-97.9928	54.6837	133.9975
			*MESH_VERTEX 1213	-102.5163	44.0618	128.7615
			*MESH_VERTEX 1214	-99.9503	44.2584	129.8458
			*MESH_VERTEX 1215	-106.9099	30.9283	126.2056
			*MESH_VERTEX 1216	-104.8918	27.0434	124.3302
			*MESH_VERTEX 1217	-101.4441	34.8619	127.6047
			*MESH_VERTEX 1218	-105.2529	35.6161	126.9063
			*MESH_VERTEX 1219	-113.0159	25.7536	121.9483
			*MESH_VERTEX 1220	-110.0746	23.2620	124.9347
			*MESH_VERTEX 1221	-98.8976	39.9749	127.1741
			*MESH_VERTEX 1222	-107.7946	24.7920	119.2200
			*MESH_VERTEX 1223	-109.3955	23.5555	124.6641
			*MESH_VERTEX 1224	-106.0599	32.2790	124.0216
			*MESH_VERTEX 1225	-100.0969	50.2909	131.1968
			*MESH_VERTEX 1226	-104.5424	32.1440	124.5493
			*MESH_VERTEX 1227	-117.1899	21.4133	124.4856
			*MESH_VERTEX 1228	-113.4519	21.9382	124.7242
			*MESH_VERTEX 1229	-105.4067	33.4555	127.3465
			*MESH_VERTEX 1230	-113.4368	23.1086	121.8070
			*MESH_VERTEX 1231	-102.8391	48.4471	126.6848
			*MESH_VERTEX 1232	-107.3426	25.3799	125.5471
			*MESH_VERTEX 1233	-98.8937	48.1929	131.6122
			*MESH_VERTEX 1234	-97.0102	49.1357	127.6763
			*MESH_VERTEX 1235	-99.5711	38.0695	124.4757
			*MESH_VERTEX 1236	-104.2494	37.0419	128.0824
			*MESH_VERTEX 1237	-113.3294	22.2485	124.6239
			*MESH_VERTEX 1238	-104.4008	37.0937	125.3495
			*MESH_VERTEX 1239	-100.0302	40.6395	129.3211
			*MESH_VERTEX 1240	-105.1696	31.4458	126.2894
			*MESH_VERTEX 1241	-102.6801	44.3182	126.7799
			*MESH_VERTEX 1242	-99.0782	55.8094	133.6137
			*MESH_VERTEX 1243	-104.3934	36.9612	127.6594
			*MESH_VERTEX 1244	-116.6228	25.5412	120.9406
			*MESH_VERTEX 1245	-101.2207	53.3123	132.5674
			*MESH_VERTEX 1246	-103.7326	44.9266	129.7495
			*MESH_VERTEX 1247	-107.8347	30.8094	122.3152
			*MESH_VERTEX 1248	-109.9260	24.2355	122.1031
			*MESH_VERTEX 1249	-100.7966	50.1122	131.3271
			*MESH_VERTEX 1250	-104.1614	34.0384	126.5833
			*MESH_VERTEX 1251	-105.8496	30.2632	125.4419
			*MESH_VERTEX 1252	-98.3075	44.1178	128.5328
			*MESH_VERTEX 1253	-99.2365	53.8092	132.9208
			*MESH_VERTEX 1254	-105.5199	27.7673	124.8782
			*MESH_VERTEX 1255	-101.3018	40.8683	128.7587
			*MESH_VERTEX 1256	-106.5438	26.6770	124.8608
			*MESH_VERTEX 1257	-97.1425	52.0753	133.3456
			*MESH_VERTEX 1258	-114.7381	21.2919	124.7801
			*MESH_VERTEX 1259	-101.5210	43.7243	129.2459
			*MESH_VERTEX 1260	-102.7068	50.3421	129.9854
			*MESH_VERTEX 1261	-105.3597	41.7099	124.5695
			*MESH_VERTEX 1262	-100.0782	51.2140	129.6842
			*MESH_VERTEX 1263	-103.9429	43.1882	129.6746
			*MESH_VERTEX 1264	-107.9832	23.7680	122.9906
			*MESH_VERTEX 1265	-102.7219	31.6542	126.7326
			*MESH_VERTEX 1266	-101.6681	51.5551	132.1328
			*MESH_VERTEX 1267	-99.7407	43.0572	129.2588
			*MESH_VERTEX 1268	-103.4413	28.8015	125.9404
			*MESH_VERTEX 1269	-98.5182	40.6287	124.9522
			*MESH_VERTEX 1270	-101.0559	32.7328	125.4090
			*MESH_VERTEX 1271	-113.2568	23.7386	123.2162
			*MESH_VERTEX 1272	-106.5240	27.6374	123.8045
			*MESH_VERTEX 1273	-105.9434	34.9005	123.6857
			*MESH_VERTEX 1274	-104.9618	38.9271	128.7658
			*MESH_VERTEX 1275	-102.6565	37.1148	125.6641
			*MESH_VERTEX 1276	-98.5743	49.7284	129.9486
			*MESH_VERTEX 1277	-110.7937	27.2015	121.8072
			*MESH_VERTEX 1278	-106.4881	25.0494	122.9158
			*MESH_VERTEX 1279	-97.9901	50.2007	132.4469
			*MESH_VERTEX 1280	-99.8269	37.1213	125.8002
			*MESH_VERTEX 1281	-110.5464	22.7574	121.9175
			*MESH_VERTEX 1282	-101.5201	54.8483	129.4516
			*MESH_VERTEX 1283	-107.1431	29.8670	125.7612
			*MESH_VERTEX 1284	-103.8590	29.7463	126.5533
			*MESH_VERTEX 1285	-101.4470	55.1121	133.4108
			*MESH_VERTEX 1286	-103.0439	48.6607	131.2921
			*MESH_VERTEX 1287	-114.1259	25.1261	121.6365
			*MESH_VERTEX 1288	-107.0527	28.0449	124.5049
			*MESH_VERTEX 1289	-101.3040	45.9109	129.7395
			*MESH_VERTEX 1290	-100.6517	37.0867	128.2178
			*MESH_VERTEX 1291	-109.0843	24.4782	120.2591
			*MESH_VERTEX 1292	-101.7902	45.9070	126.1173
			*MESH_VERTEX 1293	-115.9218	21.4353	120.6880
			*MESH_VERTEX 1294	-114.7494	21.5325	120.8546
			*MESH_VERTEX 1295	-111.9709	21.8982	124.9589
			*MESH_VERTEX 1296	-108.2420	24.0713	125.8234
			*MESH_VERTEX 1297	-101.3717	50.5027	127.6128
			*MESH_VERTEX 1298	-102.7813	36.7780	127.4137
			*MESH_VERTEX 1299	-112.1655	22.4307	120.9372
			*MESH_VERTEX 1300	-105.3719	37.0396	124.5801
			*MESH_VERTEX 1301	-107.5232	24.5025	120.5809
			*MESH_VERTEX 1302	-101.8612	52.5326	131.8684
			*MESH_VERTEX 1303	-101.3660	36.3101	125.4091
			*MESH_VERTEX 1304	-98.5587	37.0780	122.9818
			*MESH_VERTEX 1305	-103.9817	45.2395	126.3092
			*MESH_VERTEX 1306	-104.4492	51.3493	126.7342
			*MESH_VERTEX 1307	-110.1193	24.2998	122.1082
			*MESH_VERTEX 1308	-103.9218	31.7281	124.3307
			*MESH_VERTEX 1309	-106.9289	35.3847	123.1941
			*MESH_VERTEX 1310	-109.1042	28.8301	121.4277
			*MESH_VERTEX 1311	-94.7550	50.3030	127.5911
			*MESH_VERTEX 1312	-101.7808	32.8834	122.8614
			*MESH_VERTEX 1313	-114.9639	21.8358	118.1995
			*MESH_VERTEX 1314	-96.9196	44.1389	124.5142
			*MESH_VERTEX 1315	-106.6383	28.0710	122.8889
			*MESH_VERTEX 1316	-95.7316	55.2866	130.5769
			*MESH_VERTEX 1317	-100.7464	56.4306	131.8776
			*MESH_VERTEX 1318	-109.5151	23.4295	118.0554
			*MESH_VERTEX 1319	-111.7981	23.1221	119.5725
			*MESH_VERTEX 1320	-99.4519	33.6396	121.8712
			*MESH_VERTEX 1321	-102.9089	29.2847	120.8042
			*MESH_VERTEX 1322	-101.5021	31.5118	121.2862
			*MESH_VERTEX 1323	-95.6541	53.3295	129.5033
			*MESH_VERTEX 1324	-93.6372	61.1971	120.3440
			*MESH_VERTEX 1325	-99.6941	32.6060	113.9348
			*MESH_VERTEX 1326	-96.2599	42.6808	116.4148
			*MESH_VERTEX 1327	-111.2357	23.9629	112.5555
			*MESH_VERTEX 1328	-104.8791	26.1958	113.4075
			*MESH_VERTEX 1329	-116.4930	21.9171	119.6127
			*MESH_VERTEX 1330	-115.8374	21.9962	118.4902
			*MESH_VERTEX 1331	-115.4807	21.8658	118.1420
			*MESH_VERTEX 1332	-114.4441	22.3571	118.9852
			*MESH_VERTEX 1333	-112.5406	23.2517	119.8892
			*MESH_VERTEX 1334	-110.6813	23.7830	120.2966
			*MESH_VERTEX 1335	-117.2864	21.6206	124.4383
			*MESH_VERTEX 1336	-116.1858	21.3443	124.7063
			*MESH_VERTEX 1337	-113.5199	21.6418	124.7573
			*MESH_VERTEX 1338	-104.2851	26.8128	119.1728
			*MESH_VERTEX 1339	-106.3993	26.4082	120.5497
			*MESH_VERTEX 1340	-106.8522	25.4739	119.5351
			*MESH_VERTEX 1341	-105.0035	28.1943	121.2559
			*MESH_VERTEX 1342	-102.6043	30.8432	121.9537
			*MESH_VERTEX 1343	-101.1266	34.7696	123.0888
			*MESH_VERTEX 1344	-97.8058	45.7292	126.7823
			*MESH_VERTEX 1345	-96.9276	51.7677	129.0966
			*MESH_VERTEX 1346	-111.2558	23.5482	119.7272
			*MESH_VERTEX 1347	-108.4825	24.6779	119.5309
			*MESH_VERTEX 1348	-104.0992	28.7603	120.8057
			*MESH_VERTEX 1349	-117.6272	25.2633	122.8797
			*MESH_VERTEX 1350	-110.8054	28.0531	123.8520
			*MESH_VERTEX 1351	-110.8110	27.3701	125.0306
			*MESH_VERTEX 1352	-113.4202	26.8181	125.9834
			*MESH_VERTEX 1353	-117.6363	27.1113	125.5240
			*MESH_VERTEX 1354	-121.8490	26.8197	125.9806
			*MESH_VERTEX 1355	-124.4491	27.3728	125.0261
			*MESH_VERTEX 1356	-124.4435	28.0558	123.8475
			*MESH_VERTEX 1357	-121.8343	28.6078	122.8947
			*MESH_VERTEX 1358	-117.6182	28.8181	122.5321
			*MESH_VERTEX 1359	-113.4055	28.6062	122.8975
			*MESH_VERTEX 1360	-107.8802	33.5087	125.6176
			*MESH_VERTEX 1361	-107.8882	32.9721	127.7555
			*MESH_VERTEX 1362	-111.6162	32.5384	129.4835
			*MESH_VERTEX 1363	-117.6401	32.7092	128.8027
			*MESH_VERTEX 1364	-123.6592	32.5396	129.4784
			*MESH_VERTEX 1365	-127.3743	32.9742	127.7472
			*MESH_VERTEX 1366	-127.3663	33.5108	125.6093
			*MESH_VERTEX 1367	-123.6384	33.9446	123.8813
			*MESH_VERTEX 1368	-117.6143	34.1097	123.2232
			*MESH_VERTEX 1369	-111.5953	33.9433	123.8864
			*MESH_VERTEX 1370	-105.7063	47.2516	128.6243
			*MESH_VERTEX 1371	-105.7160	46.7615	131.8660
			*MESH_VERTEX 1372	-110.2754	46.3655	134.4865
			*MESH_VERTEX 1373	-117.6430	46.5215	133.4543
			*MESH_VERTEX 1374	-125.0046	46.3666	134.4787
			*MESH_VERTEX 1375	-129.5482	46.7634	131.8535
			*MESH_VERTEX 1376	-129.5385	47.2534	128.6117
			*MESH_VERTEX 1377	-124.9790	47.8343	125.0285
			*MESH_VERTEX 1378	-117.6115	48.0182	123.8583
			*MESH_VERTEX 1379	-110.2499	47.8331	125.0363
			*MESH_VERTEX 1380	-106.8138	56.7809	128.7618
			*MESH_VERTEX 1381	-106.8226	57.0553	131.1918
			*MESH_VERTEX 1382	-110.9585	57.5153	133.1909
			*MESH_VERTEX 1383	-117.6415	57.0978	131.4439
			*MESH_VERTEX 1384	-124.3192	57.5142	133.1850
			*MESH_VERTEX 1385	-128.4407	57.0537	131.1825
			*MESH_VERTEX 1386	-128.4318	56.7794	128.7523
			*MESH_VERTEX 1387	-124.2960	56.4648	125.1034
			*MESH_VERTEX 1388	-117.6129	56.2448	122.5596
			*MESH_VERTEX 1389	-110.9353	56.4656	125.1094
			*MESH_VERTEX 1390	-117.6272	69.1805	118.9342
		}
