		*MESH_NUMVERTEX 1391
		*MESH_NUMFACES 2692
		*MESH_VERTEX_LIST {
			*MESH_VERTEX    0	-117.6026	161.5645	70.5123
			*MESH_VERTEX    1	-82.9481	87.7428	107.0594
			*MESH_VERTEX    2	-117.6026	72.1846	106.0435
			*MESH_VERTEX    3	-92.1961	80.0828	116.0168
			*MESH_VERTEX    4	-86.2046	96.9832	122.6796
			*MESH_VERTEX    5	-102.6595	75.0710	108.7025
			*MESH_VERTEX    6	-58.8018	129.0618	72.1688
			*MESH_VERTEX    7	-75.3385	91.5046	93.9052
			*MESH_VERTEX    8	-97.0844	28.8106	107.4424
			*MESH_VERTEX    9	-102.3169	23.1148	117.4869
			*MESH_VERTEX   10	-111.0699	18.0409	112.2431
			*MESH_VERTEX   11	-80.4634	34.4472	181.3088
			*MESH_VERTEX   12	-77.5615	36.7559	178.5366
			*MESH_VERTEX   13	-77.7446	36.7906	181.3150
			*MESH_VERTEX   14	-80.5961	81.6179	127.0584
			*MESH_VERTEX   15	-74.0962	78.7615	146.3030
			*MESH_VERTEX   16	-76.8561	69.8294	132.9316
			*MESH_VERTEX   17	-117.6026	167.5669	208.4417
			*MESH_VERTEX   18	-102.7884	166.0209	209.1254
			*MESH_VERTEX   19	-100.1408	169.9449	175.3244
			*MESH_VERTEX   20	-42.0137	60.4137	81.3813
			*MESH_VERTEX   21	-56.5701	55.8104	97.0380
			*MESH_VERTEX   22	-86.0715	36.2125	118.2420
			*MESH_VERTEX   23	-89.0944	42.7650	110.8018
			*MESH_VERTEX   24	-80.0370	58.4129	127.3098
			*MESH_VERTEX   25	-77.0264	48.2725	135.5134
			*MESH_VERTEX   26	-117.6026	11.7374	118.0313
			*MESH_VERTEX   27	-108.8948	14.1246	119.4851
			*MESH_VERTEX   28	-84.7555	19.9731	167.2845
			*MESH_VERTEX   29	-92.3135	17.6271	168.0289
			*MESH_VERTEX   30	-92.4461	15.9382	160.9585
			*MESH_VERTEX   31	-86.7939	18.0785	158.0918
			*MESH_VERTEX   32	-112.0702	4.5849	166.5818
			*MESH_VERTEX   33	-117.6026	1.2697	169.3254
			*MESH_VERTEX   34	-117.6026	-1.6222	166.3924
			*MESH_VERTEX   35	-82.6699	25.3655	183.5655
			*MESH_VERTEX   36	-84.2421	24.6908	183.3200
			*MESH_VERTEX   37	-83.3329	25.7275	183.0404
			*MESH_VERTEX   38	-94.0755	16.5728	191.5298
			*MESH_VERTEX   39	-87.7158	17.5043	189.9005
			*MESH_VERTEX   40	-88.7292	21.3346	190.8629
			*MESH_VERTEX   41	-94.5847	19.9925	191.6740
			*MESH_VERTEX   42	-117.6026	151.9027	240.7044
			*MESH_VERTEX   43	-117.6026	-5.7118	160.6588
			*MESH_VERTEX   44	-117.6026	-4.4445	155.4524
			*MESH_VERTEX   45	-107.5307	26.6340	182.4993
			*MESH_VERTEX   46	-109.8745	20.5021	183.8045
			*MESH_VERTEX   47	-112.8886	17.2450	183.5513
			*MESH_VERTEX   48	-108.8565	20.8978	178.1633
			*MESH_VERTEX   49	-113.1681	11.1392	198.1696
			*MESH_VERTEX   50	-117.6026	9.7677	198.2009
			*MESH_VERTEX   51	-117.6026	11.7428	184.7534
			*MESH_VERTEX   52	-113.2999	14.5061	187.1457
			*MESH_VERTEX   53	-108.9162	5.2637	153.0046
			*MESH_VERTEX   54	-111.9565	0.3237	152.5258
			*MESH_VERTEX   55	-111.4517	10.3073	154.4776
			*MESH_VERTEX   56	-78.0844	26.6768	210.5444
			*MESH_VERTEX   57	-71.0251	40.6268	209.5703
			*MESH_VERTEX   58	-82.3568	29.4475	227.3536
			*MESH_VERTEX   59	-95.4491	14.9312	212.2146
			*MESH_VERTEX   60	-94.7976	38.2582	103.9533
			*MESH_VERTEX   61	-104.7611	23.5248	104.3222
			*MESH_VERTEX   62	-71.5919	76.2474	150.7009
			*MESH_VERTEX   63	-74.1083	59.3034	144.0943
			*MESH_VERTEX   64	-60.8424	18.0935	202.4934
			*MESH_VERTEX   65	-82.5755	2.9113	243.8988
			*MESH_VERTEX   66	-100.5051	27.1534	246.3982
			*MESH_VERTEX   67	-92.1845	4.8396	251.9314
			*MESH_VERTEX   68	-105.3350	18.2655	169.1085
			*MESH_VERTEX   69	-95.1675	24.4716	132.5751
			*MESH_VERTEX   70	-94.3392	21.2039	133.9687
			*MESH_VERTEX   71	-106.2163	24.8729	185.1068
			*MESH_VERTEX   72	-106.4461	24.7071	185.4973
			*MESH_VERTEX   73	-117.6026	7.1313	138.1019
			*MESH_VERTEX   74	-113.2304	7.8982	141.1574
			*MESH_VERTEX   75	-117.6026	10.1745	141.4157
			*MESH_VERTEX   76	-110.1463	28.0145	97.9264
			*MESH_VERTEX   77	-105.2800	46.9848	99.2707
			*MESH_VERTEX   78	-80.0958	52.4625	261.6381
			*MESH_VERTEX   79	-105.5642	56.5367	269.9843
			*MESH_VERTEX   80	-100.5312	16.4220	261.1238
			*MESH_VERTEX   81	-59.9304	67.3511	111.4151
			*MESH_VERTEX   82	-101.3902	32.0686	99.8802
			*MESH_VERTEX   83	-79.4630	26.6587	150.7463
			*MESH_VERTEX   84	-78.6318	38.9014	144.6472
			*MESH_VERTEX   85	-74.3108	50.1579	153.4566
			*MESH_VERTEX   86	-75.6969	37.0355	167.2657
			*MESH_VERTEX   87	-89.5204	21.4513	141.2060
			*MESH_VERTEX   88	-117.6026	6.8216	149.9382
			*MESH_VERTEX   89	-113.4608	7.1207	151.4614
			*MESH_VERTEX   90	-84.7631	22.2612	181.5135
			*MESH_VERTEX   91	-58.2924	59.8088	169.7059
			*MESH_VERTEX   92	-59.3382	47.2037	182.7644
			*MESH_VERTEX   93	-66.6040	56.9649	187.0922
			*MESH_VERTEX   94	-85.6656	20.7021	186.6791
			*MESH_VERTEX   95	-84.2820	20.1865	186.5105
			*MESH_VERTEX   96	-117.6026	10.6566	181.1850
			*MESH_VERTEX   97	-114.7450	11.8123	181.4059
			*MESH_VERTEX   98	-97.8001	18.5271	135.8878
			*MESH_VERTEX   99	-104.1680	10.0738	135.0691
			*MESH_VERTEX  100	-105.4693	11.5683	213.4244
			*MESH_VERTEX  101	-117.6026	24.4662	96.7373
			*MESH_VERTEX  102	-114.2232	19.9182	100.8860
			*MESH_VERTEX  103	-117.6026	17.3871	106.8452
			*MESH_VERTEX  104	-67.4603	76.3274	159.2780
			*MESH_VERTEX  105	-61.2171	101.2373	242.4848
			*MESH_VERTEX  106	-117.6026	44.2461	96.7038
			*MESH_VERTEX  107	-103.8780	14.0542	153.5152
			*MESH_VERTEX  108	-106.9894	8.5439	159.9954
			*MESH_VERTEX  109	-106.0837	10.9507	153.7909
			*MESH_VERTEX  110	-87.7382	17.5977	189.6247
			*MESH_VERTEX  111	-100.6200	18.3253	189.6422
			*MESH_VERTEX  112	-100.8039	18.3595	189.5555
			*MESH_VERTEX  113	-107.4019	9.8889	141.0350
			*MESH_VERTEX  114	-100.0351	15.6622	150.9601
			*MESH_VERTEX  115	-107.0933	12.5602	151.8999
			*MESH_VERTEX  116	-76.7542	35.1543	186.1617
			*MESH_VERTEX  117	-80.7818	29.6960	186.0634
			*MESH_VERTEX  118	-63.1403	94.9611	179.7818
			*MESH_VERTEX  119	-64.9390	100.1942	175.8748
			*MESH_VERTEX  120	-52.5585	85.3582	156.8767
			*MESH_VERTEX  121	-98.1334	57.9163	106.7185
			*MESH_VERTEX  122	-87.0074	69.5391	119.3180
			*MESH_VERTEX  123	-96.3643	24.2439	120.5306
			*MESH_VERTEX  124	-117.6026	9.5186	212.8601
			*MESH_VERTEX  125	-100.4261	15.1691	165.5305
			*MESH_VERTEX  126	-100.6919	20.4791	172.9418
			*MESH_VERTEX  127	-109.1003	7.7512	163.1746
			*MESH_VERTEX  128	-107.6859	5.2742	159.0652
			*MESH_VERTEX  129	-84.5760	22.4286	181.0933
			*MESH_VERTEX  130	-87.4694	19.9423	179.7601
			*MESH_VERTEX  131	-85.8016	22.0506	175.5976
			*MESH_VERTEX  132	-82.6577	26.8639	177.9503
			*MESH_VERTEX  133	-117.6026	16.0022	110.4134
			*MESH_VERTEX  134	-89.8509	16.0929	203.3785
			*MESH_VERTEX  135	-81.7098	22.6059	198.2058
			*MESH_VERTEX  136	-85.6149	22.5421	181.8550
			*MESH_VERTEX  137	-117.6026	0.5285	152.3939
			*MESH_VERTEX  138	-78.7250	29.7095	169.5282
			*MESH_VERTEX  139	-106.9984	12.2453	200.7766
			*MESH_VERTEX  140	-85.6943	30.6996	132.7610
			*MESH_VERTEX  141	-64.2600	82.5754	171.3613
			*MESH_VERTEX  142	-67.9924	63.9650	170.5977
			*MESH_VERTEX  143	-49.6574	77.4317	219.5146
			*MESH_VERTEX  144	-62.8505	120.5392	222.7352
			*MESH_VERTEX  145	-64.4837	83.4727	180.8536
			*MESH_VERTEX  146	-91.4971	29.8345	111.5787
			*MESH_VERTEX  147	-82.7801	27.1185	182.8793
			*MESH_VERTEX  148	-117.6026	15.3553	112.8450
			*MESH_VERTEX  149	-82.9773	161.1580	187.2641
			*MESH_VERTEX  150	-53.7382	138.8510	175.7343
			*MESH_VERTEX  151	-58.2012	80.6834	125.6886
			*MESH_VERTEX  152	-43.7206	101.8940	108.2046
			*MESH_VERTEX  153	-112.4898	8.0023	173.2474
			*MESH_VERTEX  154	-117.6026	6.4559	174.9012
			*MESH_VERTEX  155	-111.2808	1.7365	162.7225
			*MESH_VERTEX  156	-110.8532	0.4656	157.2881
			*MESH_VERTEX  157	-88.0034	20.3106	188.4680
			*MESH_VERTEX  158	-107.4752	17.0820	188.6959
			*MESH_VERTEX  159	-117.6026	13.0719	232.8705
			*MESH_VERTEX  160	-117.6026	25.3992	247.4385
			*MESH_VERTEX  161	-84.0199	20.1936	186.7191
			*MESH_VERTEX  162	-106.2569	7.8947	136.5620
			*MESH_VERTEX  163	-74.1188	139.2316	240.3014
			*MESH_VERTEX  164	-74.0991	126.1557	249.9107
			*MESH_VERTEX  165	-105.7945	13.2697	197.2851
			*MESH_VERTEX  166	-85.7656	20.6192	192.7771
			*MESH_VERTEX  167	-83.7599	23.5577	188.4158
			*MESH_VERTEX  168	-107.2575	11.6665	162.5152
			*MESH_VERTEX  169	-111.6530	11.0464	150.8730
			*MESH_VERTEX  170	-108.0091	26.7931	183.5072
			*MESH_VERTEX  171	-117.6026	177.5715	166.1809
			*MESH_VERTEX  172	-73.1764	45.5473	177.6540
			*MESH_VERTEX  173	-109.5201	14.0850	171.9459
			*MESH_VERTEX  174	-92.4196	18.4379	178.3873
			*MESH_VERTEX  175	-101.0847	19.9733	179.2246
			*MESH_VERTEX  176	-92.1357	20.0033	171.9549
			*MESH_VERTEX  177	-72.6932	49.8429	188.2105
			*MESH_VERTEX  178	-78.4763	32.2025	194.7683
			*MESH_VERTEX  179	-80.9897	26.1305	190.0526
			*MESH_VERTEX  180	-113.1025	6.3486	138.3156
			*MESH_VERTEX  181	-117.6026	126.1205	261.6361
			*MESH_VERTEX  182	-95.1588	124.4026	258.6564
			*MESH_VERTEX  183	-102.8562	150.3165	238.7293
			*MESH_VERTEX  184	-93.8988	16.5763	191.1773
			*MESH_VERTEX  185	-102.0841	13.0838	139.4252
			*MESH_VERTEX  186	-46.2186	92.0461	201.8579
			*MESH_VERTEX  187	-55.5248	74.4782	159.6227
			*MESH_VERTEX  188	-91.0596	159.7028	141.0229
			*MESH_VERTEX  189	-117.6026	162.2023	118.9377
			*MESH_VERTEX  190	-104.2557	19.8486	122.0283
			*MESH_VERTEX  191	-95.0772	15.7227	151.1457
			*MESH_VERTEX  192	-117.6026	8.6596	148.5150
			*MESH_VERTEX  193	-114.5303	9.9479	149.6036
			*MESH_VERTEX  194	-101.0278	19.8207	179.7890
			*MESH_VERTEX  195	-100.9287	21.0607	180.1771
			*MESH_VERTEX  196	-104.9201	27.0674	182.7527
			*MESH_VERTEX  197	-66.9246	39.7734	198.2979
			*MESH_VERTEX  198	-117.6026	26.4343	253.8979
			*MESH_VERTEX  199	-117.6026	96.0130	269.7491
			*MESH_VERTEX  200	-93.8157	15.7694	201.0519
			*MESH_VERTEX  201	-94.8881	16.2663	194.6369
			*MESH_VERTEX  202	-100.8821	19.4351	189.5296
			*MESH_VERTEX  203	-94.0004	17.7137	190.3083
			*MESH_VERTEX  204	-96.2433	19.4115	230.0220
			*MESH_VERTEX  205	-97.1263	23.1795	128.7900
			*MESH_VERTEX  206	-82.3343	26.4280	183.8797
			*MESH_VERTEX  207	-87.5879	19.8878	180.1098
			*MESH_VERTEX  208	-89.9137	26.1900	135.2457
			*MESH_VERTEX  209	-45.3277	144.9239	153.5902
			*MESH_VERTEX  210	-52.0968	88.8693	147.2152
			*MESH_VERTEX  211	-117.6026	170.7192	138.2678
			*MESH_VERTEX  212	-115.2060	-5.2548	159.9752
			*MESH_VERTEX  213	-115.2146	-4.0374	156.0601
			*MESH_VERTEX  214	-89.5532	21.0040	180.3731
			*MESH_VERTEX  215	-108.9906	17.9215	185.5605
			*MESH_VERTEX  216	-83.5361	22.1266	197.1364
			*MESH_VERTEX  217	-94.7452	20.4608	142.4276
			*MESH_VERTEX  218	-92.4340	18.3085	178.9167
			*MESH_VERTEX  219	-108.5205	12.6034	152.7227
			*MESH_VERTEX  220	-52.9622	111.4413	204.2004
			*MESH_VERTEX  221	-117.6026	6.3171	136.4242
			*MESH_VERTEX  222	-84.4828	157.5232	212.2398
			*MESH_VERTEX  223	-100.6984	13.8523	157.1476
			*MESH_VERTEX  224	-104.8925	12.4246	160.6757
			*MESH_VERTEX  225	-104.8691	26.9474	183.5646
			*MESH_VERTEX  226	-98.9167	13.7971	203.8839
			*MESH_VERTEX  227	-90.6229	17.8846	189.6446
			*MESH_VERTEX  228	-92.8816	19.9257	179.6610
			*MESH_VERTEX  229	-77.7184	32.3563	195.7303
			*MESH_VERTEX  230	-104.0748	9.8285	134.3419
			*MESH_VERTEX  231	-117.6026	7.5802	134.0419
			*MESH_VERTEX  232	-117.6026	6.1236	135.5383
			*MESH_VERTEX  233	-111.7252	8.2958	133.7031
			*MESH_VERTEX  234	-101.5154	21.1650	124.9797
			*MESH_VERTEX  235	-99.2212	21.7417	128.2759
			*MESH_VERTEX  236	-109.7526	15.4185	123.3463
			*MESH_VERTEX  237	-105.6118	18.2970	125.0858
			*MESH_VERTEX  238	-111.9902	6.2668	136.9446
			*MESH_VERTEX  239	-117.6026	6.1762	136.1832
			*MESH_VERTEX  240	-109.7302	14.4383	121.8548
			*MESH_VERTEX  241	-104.8982	12.6888	132.5262
			*MESH_VERTEX  242	-117.6026	12.3991	121.1072
			*MESH_VERTEX  243	-117.6025	13.3008	122.7788
			*MESH_VERTEX  244	-115.4330	6.4902	137.3806
			*MESH_VERTEX  245	-109.2439	6.9525	137.6853
			*MESH_VERTEX  246	-101.9033	14.1278	132.9442
			*MESH_VERTEX  247	-102.0591	14.1914	132.1205
			*MESH_VERTEX  248	-115.1015	7.8798	133.9477
			*MESH_VERTEX  249	-115.1017	5.9337	136.8421
			*MESH_VERTEX  250	-109.2851	9.1657	133.6208
			*MESH_VERTEX  251	-108.8417	6.9927	136.5028
			*MESH_VERTEX  252	-102.3117	14.2779	131.4903
			*MESH_VERTEX  253	-102.9333	15.2529	130.7877
			*MESH_VERTEX  254	-104.6123	9.9340	133.5630
			*MESH_VERTEX  255	-111.6444	6.6359	135.5071
			*MESH_VERTEX  256	-108.9859	7.5948	135.0503
			*MESH_VERTEX  257	-114.8582	6.1568	135.7061
			*MESH_VERTEX  258	-106.2367	7.9114	135.5955
			*MESH_VERTEX  259	-106.8242	8.1725	134.5011
			*MESH_VERTEX  260	-107.2678	10.0599	133.2179
			*MESH_VERTEX  261	-105.1349	17.7116	123.4955
			*MESH_VERTEX  262	-114.2672	12.0558	118.4133
			*MESH_VERTEX  263	-106.6622	17.1422	120.2404
			*MESH_VERTEX  264	-107.8183	17.0006	124.1982
			*MESH_VERTEX  265	-109.3851	13.2538	120.9407
			*MESH_VERTEX  266	-107.2728	15.2603	121.0842
			*MESH_VERTEX  267	-107.5914	16.1424	122.2415
			*MESH_VERTEX  268	-114.2088	12.7306	121.0077
			*MESH_VERTEX  269	-114.2555	11.5476	120.0076
			*MESH_VERTEX  270	-117.6026	11.6958	119.5622
			*MESH_VERTEX  271	-114.2581	13.6584	122.8872
			*MESH_VERTEX  272	-102.0994	20.8548	126.6203
			*MESH_VERTEX  273	-104.6168	17.8420	122.3129
			*MESH_VERTEX  274	-101.8344	20.5824	125.9212
			*MESH_VERTEX  275	-111.9801	14.3016	123.0943
			*MESH_VERTEX  276	-112.0089	13.2066	121.3138
			*MESH_VERTEX  277	-111.7251	12.2133	120.5805
			*MESH_VERTEX  278	-111.5299	12.8404	119.0926
			*MESH_VERTEX  279	-105.4200	10.0973	158.4785
			*MESH_VERTEX  280	-104.3124	12.7206	157.3382
			*MESH_VERTEX  281	-53.1092	126.3286	202.2166
			*MESH_VERTEX  282	-67.2502	128.1828	232.2389
			*MESH_VERTEX  283	-42.7477	91.4714	72.9571
			*MESH_VERTEX  284	-117.6026	165.3348	88.9784
			*MESH_VERTEX  285	-117.6026	190.1022	71.6283
			*MESH_VERTEX  286	-59.7028	95.3961	179.6522
			*MESH_VERTEX  287	-60.3259	101.3670	176.0971
			*MESH_VERTEX  288	-60.8978	97.7221	174.1046
			*MESH_VERTEX  289	-59.4195	99.1058	174.4017
			*MESH_VERTEX  290	-58.8174	94.4103	177.2649
			*MESH_VERTEX  291	-60.9050	93.3960	176.2886
			*MESH_VERTEX  292	-60.7698	88.7272	173.6396
			*MESH_VERTEX  293	-61.9942	87.5509	174.5064
			*MESH_VERTEX  294	-60.8648	88.4496	169.1039
			*MESH_VERTEX  295	-62.3096	85.4610	168.3749
			*MESH_VERTEX  296	-60.1551	86.2485	175.1756
			*MESH_VERTEX  297	-64.2826	84.2638	157.9682
			*MESH_VERTEX  298	-66.3095	86.8730	160.2919
			*MESH_VERTEX  299	-66.1938	83.8504	161.3822
			*MESH_VERTEX  300	-64.9547	80.6245	159.2513
			*MESH_VERTEX  301	-63.9057	87.6974	164.0410
			*MESH_VERTEX  302	-65.0539	84.8111	163.7155
			*MESH_VERTEX  303	-60.9953	90.0361	165.3404
			*MESH_VERTEX  304	-62.8785	96.1735	155.1898
			*MESH_VERTEX  305	-59.8638	104.9412	168.8233
			*MESH_VERTEX  306	-59.0135	101.4044	167.8195
			*MESH_VERTEX  307	-61.9543	93.5300	156.6838
			*MESH_VERTEX  308	-64.8293	86.7022	151.3400
			*MESH_VERTEX  309	-71.8001	78.2341	146.3937
			*MESH_VERTEX  310	-67.9607	77.6910	150.3319
			*MESH_VERTEX  311	-67.7538	88.2292	148.4660
			*MESH_VERTEX  312	-59.9401	99.6517	168.2023
			*MESH_VERTEX  313	-60.8280	96.9312	173.2027
			*MESH_VERTEX  314	-60.0602	98.4483	167.8441
			*MESH_VERTEX  315	-63.7412	82.1286	163.8992
			*MESH_VERTEX  316	-62.2804	88.9608	160.1850
			*MESH_VERTEX  317	-59.9497	85.2759	177.0869
			*MESH_VERTEX  318	-60.8683	92.6131	175.1514
			*MESH_VERTEX  319	-105.2684	8.1045	155.7725
			*MESH_VERTEX  320	-104.2499	11.2869	155.0558
			*MESH_VERTEX  321	-78.1981	27.3425	161.7447
			*MESH_VERTEX  322	-80.9181	21.9231	158.5875
			*MESH_VERTEX  323	-61.3920	100.0472	159.4688
			*MESH_VERTEX  324	-69.5268	150.0264	212.6902
			*MESH_VERTEX  325	-71.1879	153.6923	200.5707
			*MESH_VERTEX  326	-75.2677	145.6587	224.6566
			*MESH_VERTEX  327	-79.2060	150.7949	69.7715
			*MESH_VERTEX  328	-103.9056	27.1686	117.8822
			*MESH_VERTEX  329	-107.7607	25.4357	117.2248
			*MESH_VERTEX  330	-104.8033	22.9902	147.2413
			*MESH_VERTEX  331	-117.6026	16.0418	145.3503
			*MESH_VERTEX  332	-97.4666	28.8869	129.9259
			*MESH_VERTEX  333	-108.7869	19.8981	147.9703
			*MESH_VERTEX  334	-112.5767	24.1915	116.7719
			*MESH_VERTEX  335	-117.6026	23.3997	116.4481
			*MESH_VERTEX  336	-94.2410	55.6406	123.8625
			*MESH_VERTEX  337	-94.9716	54.6056	149.5579
			*MESH_VERTEX  338	-93.8370	54.3179	139.1690
			*MESH_VERTEX  339	-92.9859	34.8426	184.7596
			*MESH_VERTEX  340	-67.1333	53.1558	243.3628
			*MESH_VERTEX  341	-64.0191	72.2140	242.3882
			*MESH_VERTEX  342	-67.2167	8.1930	217.8060
			*MESH_VERTEX  343	-67.4124	87.8155	250.8162
			*MESH_VERTEX  344	-152.2572	87.7428	107.0593
			*MESH_VERTEX  345	-143.0092	80.0828	116.0168
			*MESH_VERTEX  346	-149.0006	96.9832	122.6796
			*MESH_VERTEX  347	-132.5457	75.0710	108.7026
			*MESH_VERTEX  348	-176.4034	129.0618	72.1688
			*MESH_VERTEX  349	-159.8667	91.5046	93.9052
			*MESH_VERTEX  350	-138.1209	28.8106	107.4368
			*MESH_VERTEX  351	-132.7829	23.1085	117.4829
			*MESH_VERTEX  352	-124.1658	16.3291	112.7492
			*MESH_VERTEX  353	-154.7418	34.4472	181.3088
			*MESH_VERTEX  354	-157.6438	36.7559	178.5366
			*MESH_VERTEX  355	-157.4606	36.7906	181.3149
			*MESH_VERTEX  356	-154.6092	81.6179	127.0584
			*MESH_VERTEX  357	-161.1091	78.7615	146.3030
			*MESH_VERTEX  358	-158.3492	69.8294	132.9316
			*MESH_VERTEX  359	-132.4168	166.0209	209.1255
			*MESH_VERTEX  360	-135.0645	169.9449	175.3244
			*MESH_VERTEX  361	-193.1917	60.4137	81.3814
			*MESH_VERTEX  362	-178.6351	55.8104	97.0380
			*MESH_VERTEX  363	-149.1338	36.2124	118.2421
			*MESH_VERTEX  364	-146.1109	42.7650	110.8019
			*MESH_VERTEX  365	-155.1683	58.4130	127.3098
			*MESH_VERTEX  366	-158.1789	48.2725	135.5134
			*MESH_VERTEX  367	-126.3940	13.7201	119.5656
			*MESH_VERTEX  368	-150.4498	19.9732	167.2845
			*MESH_VERTEX  369	-142.8918	17.6271	168.0288
			*MESH_VERTEX  370	-142.7592	15.9382	160.9585
			*MESH_VERTEX  371	-148.4113	18.0785	158.0918
			*MESH_VERTEX  372	-123.1351	4.5848	166.5818
			*MESH_VERTEX  373	-152.5354	25.3655	183.5655
			*MESH_VERTEX  374	-150.9632	24.6908	183.3200
			*MESH_VERTEX  375	-151.8724	25.7275	183.0404
			*MESH_VERTEX  376	-141.1298	16.5728	191.5298
			*MESH_VERTEX  377	-147.4895	17.5042	189.9005
			*MESH_VERTEX  378	-146.6241	21.3899	190.9018
			*MESH_VERTEX  379	-140.6206	19.9925	191.6740
			*MESH_VERTEX  380	-127.6745	26.6340	182.4994
			*MESH_VERTEX  381	-125.3308	20.5021	183.8045
			*MESH_VERTEX  382	-122.3167	17.2450	183.5513
			*MESH_VERTEX  383	-126.3487	20.8978	178.1633
			*MESH_VERTEX  384	-122.0371	11.1392	198.1696
			*MESH_VERTEX  385	-121.9053	14.5061	187.1457
			*MESH_VERTEX  386	-126.2891	5.2637	153.0046
			*MESH_VERTEX  387	-123.2487	0.3238	152.5258
			*MESH_VERTEX  388	-123.7535	10.3073	154.4776
			*MESH_VERTEX  389	-157.1208	26.6768	210.5444
			*MESH_VERTEX  390	-164.1801	40.6268	209.5703
			*MESH_VERTEX  391	-152.8484	29.4475	227.3536
			*MESH_VERTEX  392	-139.7561	14.9312	212.2147
			*MESH_VERTEX  393	-140.4077	38.2582	103.9533
			*MESH_VERTEX  394	-130.4442	23.5248	104.3244
			*MESH_VERTEX  395	-163.6134	76.2474	150.7009
			*MESH_VERTEX  396	-161.0969	59.3034	144.0943
			*MESH_VERTEX  397	-174.3628	18.0935	202.4934
			*MESH_VERTEX  398	-152.6298	2.9113	243.8988
			*MESH_VERTEX  399	-134.7002	27.1534	246.3982
			*MESH_VERTEX  400	-143.0208	4.8395	251.9314
			*MESH_VERTEX  401	-129.8703	18.2656	169.1085
			*MESH_VERTEX  402	-140.0298	24.4790	132.4729
			*MESH_VERTEX  403	-140.8661	21.0978	134.3910
			*MESH_VERTEX  404	-128.9889	24.8729	185.1068
			*MESH_VERTEX  405	-128.7592	24.7071	185.4973
			*MESH_VERTEX  406	-121.9748	7.8981	141.1575
			*MESH_VERTEX  407	-125.0589	28.0145	97.9264
			*MESH_VERTEX  408	-129.9253	46.9848	99.2707
			*MESH_VERTEX  409	-155.1095	52.4625	261.6382
			*MESH_VERTEX  410	-129.6411	56.5367	269.9843
			*MESH_VERTEX  411	-134.6740	16.4220	261.1238
			*MESH_VERTEX  412	-175.2749	67.3511	111.4152
			*MESH_VERTEX  413	-133.8151	32.0686	99.8801
			*MESH_VERTEX  414	-155.7423	26.6587	150.7463
			*MESH_VERTEX  415	-156.5735	38.9014	144.6472
			*MESH_VERTEX  416	-160.8945	50.1579	153.4566
			*MESH_VERTEX  417	-159.5083	37.0355	167.2658
			*MESH_VERTEX  418	-145.6849	21.4513	141.2025
			*MESH_VERTEX  419	-121.7445	7.1207	151.4614
			*MESH_VERTEX  420	-150.4421	22.2733	181.5425
			*MESH_VERTEX  421	-176.9128	59.8089	169.7059
			*MESH_VERTEX  422	-175.8671	47.2037	182.7644
			*MESH_VERTEX  423	-168.6012	56.9649	187.0922
			*MESH_VERTEX  424	-149.5397	20.7021	186.6070
			*MESH_VERTEX  425	-150.9233	20.1866	186.5106
			*MESH_VERTEX  426	-120.4602	11.8123	181.4059
			*MESH_VERTEX  427	-137.4052	18.4381	136.3674
			*MESH_VERTEX  428	-131.0372	10.0770	135.1900
			*MESH_VERTEX  429	-129.7359	11.5683	213.4244
			*MESH_VERTEX  430	-120.9820	19.9182	100.8860
			*MESH_VERTEX  431	-167.7449	76.3274	159.2780
			*MESH_VERTEX  432	-173.9882	101.2373	242.4847
			*MESH_VERTEX  433	-131.3272	14.0542	153.5158
			*MESH_VERTEX  434	-128.2159	8.5439	159.9954
			*MESH_VERTEX  435	-129.1215	10.9507	153.7909
			*MESH_VERTEX  436	-147.4670	17.5977	189.6246
			*MESH_VERTEX  437	-134.5853	18.3253	189.6422
			*MESH_VERTEX  438	-134.5063	18.2392	189.6304
			*MESH_VERTEX  439	-127.8033	9.8865	141.0357
			*MESH_VERTEX  440	-135.1702	15.6620	150.9594
			*MESH_VERTEX  441	-128.1119	12.5604	151.8994
			*MESH_VERTEX  442	-158.4511	35.1543	186.1617
			*MESH_VERTEX  443	-154.4234	29.6960	186.0635
			*MESH_VERTEX  444	-172.0650	94.9611	179.7818
			*MESH_VERTEX  445	-170.2663	100.1942	175.8748
			*MESH_VERTEX  446	-182.6468	85.3583	156.8767
			*MESH_VERTEX  447	-137.0718	57.9162	106.7186
			*MESH_VERTEX  448	-148.1979	69.5391	119.3180
			*MESH_VERTEX  449	-138.7224	24.5737	120.5865
			*MESH_VERTEX  450	-134.7792	15.1691	165.5305
			*MESH_VERTEX  451	-134.5133	20.4792	172.9419
			*MESH_VERTEX  452	-126.1050	7.7512	163.1746
			*MESH_VERTEX  453	-127.5194	5.2742	159.0652
			*MESH_VERTEX  454	-150.6293	22.4406	181.1223
			*MESH_VERTEX  455	-147.7359	19.9423	179.7601
			*MESH_VERTEX  456	-149.4037	22.0506	175.5976
			*MESH_VERTEX  457	-152.5475	26.8639	177.9504
			*MESH_VERTEX  458	-145.3544	16.0929	203.6089
			*MESH_VERTEX  459	-153.4955	22.6059	198.2058
			*MESH_VERTEX  460	-149.5904	22.5541	181.8840
			*MESH_VERTEX  461	-156.4803	29.7095	169.5282
			*MESH_VERTEX  462	-128.2068	12.2453	200.7767
			*MESH_VERTEX  463	-149.5110	30.6988	132.7614
			*MESH_VERTEX  464	-170.9453	82.5755	171.3613
			*MESH_VERTEX  465	-167.2129	63.9650	170.5977
			*MESH_VERTEX  466	-185.5479	77.4317	219.5146
			*MESH_VERTEX  467	-172.3548	120.5392	222.7351
			*MESH_VERTEX  468	-170.7216	83.4727	180.8536
			*MESH_VERTEX  469	-143.7082	29.8345	111.5662
			*MESH_VERTEX  470	-152.4252	27.1185	182.8792
			*MESH_VERTEX  471	-152.2280	161.1580	187.2641
			*MESH_VERTEX  472	-181.4671	138.8510	175.7343
			*MESH_VERTEX  473	-177.0040	80.6834	125.6886
			*MESH_VERTEX  474	-191.4847	101.8940	108.2045
			*MESH_VERTEX  475	-122.7155	8.0023	173.2474
			*MESH_VERTEX  476	-123.9245	1.7365	162.7225
			*MESH_VERTEX  477	-124.3520	0.4656	157.2881
			*MESH_VERTEX  478	-147.2018	20.3106	188.4679
			*MESH_VERTEX  479	-127.7300	17.0820	188.6958
			*MESH_VERTEX  480	-151.1854	20.1937	186.7191
			*MESH_VERTEX  481	-128.9483	7.8882	136.5648
			*MESH_VERTEX  482	-161.0865	139.2316	240.3015
			*MESH_VERTEX  483	-161.1062	126.1557	249.9106
			*MESH_VERTEX  484	-129.4108	13.2697	197.2851
			*MESH_VERTEX  485	-149.4396	20.6192	192.7771
			*MESH_VERTEX  486	-151.4453	23.5578	188.4158
			*MESH_VERTEX  487	-127.9477	11.6665	162.5152
			*MESH_VERTEX  488	-123.5523	11.0464	150.8730
			*MESH_VERTEX  489	-127.1961	26.7931	183.5072
			*MESH_VERTEX  490	-162.0289	45.5473	177.6540
			*MESH_VERTEX  491	-125.6851	14.0850	171.9459
			*MESH_VERTEX  492	-142.7857	18.4379	178.3873
			*MESH_VERTEX  493	-134.1206	19.9733	179.2245
			*MESH_VERTEX  494	-143.0696	20.0033	171.9549
			*MESH_VERTEX  495	-162.5121	49.8429	188.2104
			*MESH_VERTEX  496	-156.7289	32.2025	194.7683
			*MESH_VERTEX  497	-154.2155	26.1306	190.0526
			*MESH_VERTEX  498	-122.1027	6.3486	138.3156
			*MESH_VERTEX  499	-140.0464	124.4026	258.6565
			*MESH_VERTEX  500	-132.3490	150.3165	238.7293
			*MESH_VERTEX  501	-141.3065	16.5762	191.1773
			*MESH_VERTEX  502	-133.1211	13.0754	139.5351
			*MESH_VERTEX  503	-188.9866	92.0461	201.8579
			*MESH_VERTEX  504	-179.6805	74.4782	159.6227
			*MESH_VERTEX  505	-144.1456	159.7028	141.0229
			*MESH_VERTEX  506	-131.4604	20.8181	121.9327
			*MESH_VERTEX  507	-140.1281	15.7227	151.1465
			*MESH_VERTEX  508	-120.6749	9.9479	149.6036
			*MESH_VERTEX  509	-134.1775	19.8207	179.7891
			*MESH_VERTEX  510	-134.2766	21.0607	180.1770
			*MESH_VERTEX  511	-130.2851	27.0674	182.7527
			*MESH_VERTEX  512	-168.2807	39.7734	198.2979
			*MESH_VERTEX  513	-141.3895	15.7694	200.6203
			*MESH_VERTEX  514	-140.3172	16.2663	194.6369
			*MESH_VERTEX  515	-134.3231	19.4351	189.5296
			*MESH_VERTEX  516	-141.2048	17.7138	190.3084
			*MESH_VERTEX  517	-138.9619	19.4115	230.0219
			*MESH_VERTEX  518	-137.9096	23.0838	127.7040
			*MESH_VERTEX  519	-152.8709	26.4280	183.8796
			*MESH_VERTEX  520	-147.6174	19.8878	180.1098
			*MESH_VERTEX  521	-145.2916	26.2046	135.1904
			*MESH_VERTEX  522	-189.8776	144.9239	153.5902
			*MESH_VERTEX  523	-183.1085	88.8693	147.2152
			*MESH_VERTEX  524	-119.9992	-5.2548	159.9752
			*MESH_VERTEX  525	-119.9906	-4.0374	156.0601
			*MESH_VERTEX  526	-145.6521	21.0040	180.3731
			*MESH_VERTEX  527	-126.2146	17.9215	185.5604
			*MESH_VERTEX  528	-151.6692	22.1266	197.1363
			*MESH_VERTEX  529	-140.4601	20.4281	142.5764
			*MESH_VERTEX  530	-142.7712	18.3085	178.9166
			*MESH_VERTEX  531	-126.6848	12.6035	152.7224
			*MESH_VERTEX  532	-182.2431	111.4413	204.2004
			*MESH_VERTEX  533	-150.7224	157.5232	212.2398
			*MESH_VERTEX  534	-134.5068	13.8523	157.1479
			*MESH_VERTEX  535	-130.3128	12.4246	160.6757
			*MESH_VERTEX  536	-130.3362	26.9474	183.5645
			*MESH_VERTEX  537	-136.2886	13.7971	203.8838
			*MESH_VERTEX  538	-144.5823	17.8846	189.6077
			*MESH_VERTEX  539	-142.3237	19.9257	179.6610
			*MESH_VERTEX  540	-157.4869	32.3563	195.7303
			*MESH_VERTEX  541	-131.1305	9.8331	134.4557
			*MESH_VERTEX  542	-123.4800	8.2959	133.7021
			*MESH_VERTEX  543	-133.4140	21.2088	124.3476
			*MESH_VERTEX  544	-135.7698	21.6426	128.4512
			*MESH_VERTEX  545	-125.2111	15.3051	123.3350
			*MESH_VERTEX  546	-129.5187	18.9767	125.0581
			*MESH_VERTEX  547	-123.2150	6.2668	136.9448
			*MESH_VERTEX  548	-125.5127	14.2477	121.8769
			*MESH_VERTEX  549	-130.3070	12.6603	132.6429
			*MESH_VERTEX  550	-119.7721	6.4902	137.3805
			*MESH_VERTEX  551	-125.9613	6.9525	137.6855
			*MESH_VERTEX  552	-133.3019	14.0672	133.2103
			*MESH_VERTEX  553	-133.1462	14.1301	132.3742
			*MESH_VERTEX  554	-120.1037	7.8798	133.9471
			*MESH_VERTEX  555	-120.1035	5.9337	136.8421
			*MESH_VERTEX  556	-125.9201	9.1651	133.6196
			*MESH_VERTEX  557	-126.3636	6.9927	136.5029
			*MESH_VERTEX  558	-132.6525	14.2002	131.7962
			*MESH_VERTEX  559	-132.2720	15.3923	131.0271
			*MESH_VERTEX  560	-130.5929	9.9357	133.6644
			*MESH_VERTEX  561	-123.5608	6.6358	135.5074
			*MESH_VERTEX  562	-126.2193	7.5947	135.0509
			*MESH_VERTEX  563	-120.3469	6.1569	135.7062
			*MESH_VERTEX  564	-128.9685	7.9060	135.6078
			*MESH_VERTEX  565	-128.3811	8.1678	134.5159
			*MESH_VERTEX  566	-127.9375	10.0582	133.2577
			*MESH_VERTEX  567	-130.0654	18.3804	123.4030
			*MESH_VERTEX  568	-120.9719	12.0397	118.4328
			*MESH_VERTEX  569	-128.6102	16.9934	120.1082
			*MESH_VERTEX  570	-127.1949	16.7846	124.1086
			*MESH_VERTEX  571	-125.8509	13.1164	120.9808
			*MESH_VERTEX  572	-127.9580	15.0348	121.0149
			*MESH_VERTEX  573	-127.6415	15.9088	122.1651
			*MESH_VERTEX  574	-121.0249	12.7313	121.0076
			*MESH_VERTEX  575	-120.9682	11.5311	120.0258
			*MESH_VERTEX  576	-120.8030	13.6606	122.8885
			*MESH_VERTEX  577	-132.6879	20.8601	126.9396
			*MESH_VERTEX  578	-130.5834	18.5275	122.2370
			*MESH_VERTEX  579	-133.2486	20.5138	126.2719
			*MESH_VERTEX  580	-123.0025	14.2864	123.0933
			*MESH_VERTEX  581	-123.2348	13.2095	121.3281
			*MESH_VERTEX  582	-123.5102	12.1763	120.6359
			*MESH_VERTEX  583	-123.7502	12.4443	119.2037
			*MESH_VERTEX  584	-129.7853	10.0973	158.4785
			*MESH_VERTEX  585	-130.8929	12.7206	157.3382
			*MESH_VERTEX  586	-182.0960	126.3286	202.2166
			*MESH_VERTEX  587	-167.9551	128.1828	232.2388
			*MESH_VERTEX  588	-192.4576	91.4715	72.9570
			*MESH_VERTEX  589	-175.5025	95.3961	179.6522
			*MESH_VERTEX  590	-174.8794	101.3670	176.0971
			*MESH_VERTEX  591	-174.3075	97.7221	174.1047
			*MESH_VERTEX  592	-175.7858	99.1058	174.4017
			*MESH_VERTEX  593	-176.3878	94.4103	177.2649
			*MESH_VERTEX  594	-174.3002	93.3960	176.2886
			*MESH_VERTEX  595	-174.4355	88.7272	173.6396
			*MESH_VERTEX  596	-173.2111	87.5509	174.5064
			*MESH_VERTEX  597	-174.3404	88.4496	169.1039
			*MESH_VERTEX  598	-172.8956	85.4611	168.3749
			*MESH_VERTEX  599	-175.0501	86.2485	175.1755
			*MESH_VERTEX  600	-170.9227	84.2638	157.9682
			*MESH_VERTEX  601	-168.8958	86.8730	160.2919
			*MESH_VERTEX  602	-169.0115	83.8504	161.3822
			*MESH_VERTEX  603	-170.2506	80.6245	159.2513
			*MESH_VERTEX  604	-171.2996	87.6974	164.0410
			*MESH_VERTEX  605	-170.1514	84.8111	163.7155
			*MESH_VERTEX  606	-174.2100	90.0361	165.3404
			*MESH_VERTEX  607	-172.3268	96.1735	155.1898
			*MESH_VERTEX  608	-175.3415	104.9412	168.8233
			*MESH_VERTEX  609	-176.1918	101.4044	167.8195
			*MESH_VERTEX  610	-173.2510	93.5300	156.6838
			*MESH_VERTEX  611	-170.3760	86.7022	151.3400
			*MESH_VERTEX  612	-163.4052	78.2341	146.3937
			*MESH_VERTEX  613	-167.2445	77.6910	150.3319
			*MESH_VERTEX  614	-167.4515	88.2292	148.4660
			*MESH_VERTEX  615	-175.2651	99.6517	168.2023
			*MESH_VERTEX  616	-174.3773	96.9311	173.2027
			*MESH_VERTEX  617	-175.1450	98.4483	167.8441
			*MESH_VERTEX  618	-171.4641	82.1286	163.8992
			*MESH_VERTEX  619	-172.9249	88.9608	160.1850
			*MESH_VERTEX  620	-175.2555	85.2759	177.0870
			*MESH_VERTEX  621	-174.3370	92.6131	175.1514
			*MESH_VERTEX  622	-129.9369	8.1045	155.7725
			*MESH_VERTEX  623	-130.9553	11.2869	155.0558
			*MESH_VERTEX  624	-157.0072	27.3425	161.7447
			*MESH_VERTEX  625	-154.2872	21.9231	158.5875
			*MESH_VERTEX  626	-173.8133	100.0472	159.4688
			*MESH_VERTEX  627	-165.6785	150.0264	212.6902
			*MESH_VERTEX  628	-164.0174	153.6923	200.5706
			*MESH_VERTEX  629	-159.9376	145.6587	224.6566
			*MESH_VERTEX  630	-155.9993	150.7949	69.7715
			*MESH_VERTEX  631	-131.0446	27.1686	117.9065
			*MESH_VERTEX  632	-127.4323	25.4206	117.2422
			*MESH_VERTEX  633	-131.2648	23.5404	149.0684
			*MESH_VERTEX  634	-137.9222	28.8678	130.2619
			*MESH_VERTEX  635	-127.4408	20.2042	147.7747
			*MESH_VERTEX  636	-122.6286	24.1917	116.7731
			*MESH_VERTEX  637	-140.9643	55.6406	123.8625
			*MESH_VERTEX  638	-140.2337	54.6056	149.5439
			*MESH_VERTEX  639	-142.2956	54.3179	137.2775
			*MESH_VERTEX  640	-142.2193	34.8426	184.7597
			*MESH_VERTEX  641	-168.0721	53.1557	243.3628
			*MESH_VERTEX  642	-171.1862	72.2141	242.3882
			*MESH_VERTEX  643	-167.9886	8.1930	217.8060
			*MESH_VERTEX  644	-167.7929	87.8155	250.8162
			*MESH_VERTEX  645	-95.3919	19.3172	185.0878
			*MESH_VERTEX  646	-95.3919	20.8990	190.2615
			*MESH_VERTEX  647	-98.0048	20.8745	189.5618
			*MESH_VERTEX  648	-99.9175	20.8077	187.6501
			*MESH_VERTEX  649	-100.6176	20.7165	185.0388
			*MESH_VERTEX  650	-99.9175	20.6254	182.4277
			*MESH_VERTEX  651	-98.0048	20.5586	180.5161
			*MESH_VERTEX  652	-95.3919	20.5342	179.8165
			*MESH_VERTEX  653	-92.7791	20.5586	180.5161
			*MESH_VERTEX  654	-90.8663	20.6254	182.4277
			*MESH_VERTEX  655	-90.1662	20.7166	185.0389
			*MESH_VERTEX  656	-90.8663	20.8077	187.6501
			*MESH_VERTEX  657	-92.7791	20.8745	189.5618
			*MESH_VERTEX  658	-95.3919	24.8556	193.9510
			*MESH_VERTEX  659	-99.9175	24.8133	192.7391
			*MESH_VERTEX  660	-103.2305	24.6976	189.4283
			*MESH_VERTEX  661	-104.4431	24.5397	184.9054
			*MESH_VERTEX  662	-103.2305	24.3818	180.3826
			*MESH_VERTEX  663	-99.9175	24.2661	177.0717
			*MESH_VERTEX  664	-95.3919	24.2238	175.8598
			*MESH_VERTEX  665	-90.8663	24.2661	177.0717
			*MESH_VERTEX  666	-87.5534	24.3818	180.3825
			*MESH_VERTEX  667	-86.3408	24.5397	184.9055
			*MESH_VERTEX  668	-87.5534	24.6976	189.4283
			*MESH_VERTEX  669	-90.8663	24.8133	192.7392
			*MESH_VERTEX  670	-95.3919	30.1270	195.1682
			*MESH_VERTEX  671	-100.6176	30.0781	193.7686
			*MESH_VERTEX  672	-104.4431	29.9446	189.9456
			*MESH_VERTEX  673	-105.8434	29.7622	184.7230
			*MESH_VERTEX  674	-104.4431	29.5799	179.5005
			*MESH_VERTEX  675	-100.6176	29.4464	175.6775
			*MESH_VERTEX  676	-95.3919	29.3975	174.2778
			*MESH_VERTEX  677	-90.1662	29.4464	175.6774
			*MESH_VERTEX  678	-86.3408	29.5799	179.5005
			*MESH_VERTEX  679	-84.9405	29.7623	184.7230
			*MESH_VERTEX  680	-86.3408	29.9446	189.9456
			*MESH_VERTEX  681	-90.1662	30.0781	193.7686
			*MESH_VERTEX  682	-95.3919	30.1270	195.1682
			*MESH_VERTEX  683	-100.6176	30.0781	193.7686
			*MESH_VERTEX  684	-104.4431	29.9446	189.9456
			*MESH_VERTEX  685	-105.8434	29.7622	184.7230
			*MESH_VERTEX  686	-104.4431	29.5799	179.5005
			*MESH_VERTEX  687	-100.6176	29.4464	175.6775
			*MESH_VERTEX  688	-95.3919	29.3975	174.2778
			*MESH_VERTEX  689	-90.1662	29.4464	175.6774
			*MESH_VERTEX  690	-86.3408	29.5799	179.5005
			*MESH_VERTEX  691	-84.9405	29.7623	184.7230
			*MESH_VERTEX  692	-86.3408	29.9446	189.9456
			*MESH_VERTEX  693	-90.1662	30.0781	193.7686
			*MESH_VERTEX  694	-139.3804	19.3196	185.1566
			*MESH_VERTEX  695	-139.3804	20.9013	190.3302
			*MESH_VERTEX  696	-141.9933	20.8769	189.6306
			*MESH_VERTEX  697	-143.9060	20.8101	187.7189
			*MESH_VERTEX  698	-144.6061	20.7189	185.1076
			*MESH_VERTEX  699	-143.9060	20.6278	182.4965
			*MESH_VERTEX  700	-141.9933	20.5610	180.5849
			*MESH_VERTEX  701	-139.3804	20.5366	179.8853
			*MESH_VERTEX  702	-136.7676	20.5610	180.5849
			*MESH_VERTEX  703	-134.8548	20.6278	182.4964
			*MESH_VERTEX  704	-134.1547	20.7189	185.1076
			*MESH_VERTEX  705	-134.8548	20.8101	187.7189
			*MESH_VERTEX  706	-136.7676	20.8769	189.6306
			*MESH_VERTEX  707	-139.3804	24.8580	194.0198
			*MESH_VERTEX  708	-143.9060	24.8157	192.8079
			*MESH_VERTEX  709	-147.2190	24.7000	189.4970
			*MESH_VERTEX  710	-148.4316	24.5421	184.9743
			*MESH_VERTEX  711	-147.2190	24.3842	180.4512
			*MESH_VERTEX  712	-143.9060	24.2686	177.1405
			*MESH_VERTEX  713	-139.3804	24.2262	175.9286
			*MESH_VERTEX  714	-134.8548	24.2685	177.1405
			*MESH_VERTEX  715	-131.5419	24.3842	180.4512
			*MESH_VERTEX  716	-130.3292	24.5421	184.9743
			*MESH_VERTEX  717	-131.5419	24.7000	189.4970
			*MESH_VERTEX  718	-134.8548	24.8157	192.8080
			*MESH_VERTEX  719	-139.3804	30.1294	195.2369
			*MESH_VERTEX  720	-144.6061	30.0805	193.8374
			*MESH_VERTEX  721	-148.4316	29.9470	190.0142
			*MESH_VERTEX  722	-149.8318	29.7646	184.7918
			*MESH_VERTEX  723	-148.4316	29.5823	179.5693
			*MESH_VERTEX  724	-144.6061	29.4488	175.7462
			*MESH_VERTEX  725	-139.3804	29.3999	174.3467
			*MESH_VERTEX  726	-134.1547	29.4488	175.7462
			*MESH_VERTEX  727	-130.3292	29.5823	179.5693
			*MESH_VERTEX  728	-128.9290	29.7646	184.7918
			*MESH_VERTEX  729	-130.3292	29.9470	190.0143
			*MESH_VERTEX  730	-134.1547	30.0805	193.8374
			*MESH_VERTEX  731	-139.3804	30.1294	195.2369
			*MESH_VERTEX  732	-144.6061	30.0805	193.8374
			*MESH_VERTEX  733	-148.4316	29.9470	190.0142
			*MESH_VERTEX  734	-149.8318	29.7646	184.7918
			*MESH_VERTEX  735	-148.4316	29.5823	179.5693
			*MESH_VERTEX  736	-144.6061	29.4488	175.7462
			*MESH_VERTEX  737	-139.3804	29.3999	174.3467
			*MESH_VERTEX  738	-134.1547	29.4488	175.7462
			*MESH_VERTEX  739	-130.3292	29.5823	179.5693
			*MESH_VERTEX  740	-128.9290	29.7646	184.7918
			*MESH_VERTEX  741	-130.3292	29.9470	190.0143
			*MESH_VERTEX  742	-134.1547	30.0805	193.8374
			*MESH_VERTEX  743	-99.8457	46.4565	137.3881
			*MESH_VERTEX  744	-97.1007	42.2101	139.4391
			*MESH_VERTEX  745	-98.6514	41.3674	136.2932
			*MESH_VERTEX  746	-98.3323	35.7971	136.9086
			*MESH_VERTEX  747	-98.5833	40.9827	136.1077
			*MESH_VERTEX  748	-105.3674	31.6279	135.5879
			*MESH_VERTEX  749	-102.4334	29.6509	137.9581
			*MESH_VERTEX  750	-106.0750	31.5490	137.4920
			*MESH_VERTEX  751	-96.6174	50.5124	137.4239
			*MESH_VERTEX  752	-96.5717	47.4530	139.4092
			*MESH_VERTEX  753	-100.3702	52.9945	137.6246
			*MESH_VERTEX  754	-103.2886	35.7075	135.9269
			*MESH_VERTEX  755	-107.2714	20.0700	135.2726
			*MESH_VERTEX  756	-112.7239	22.0501	137.2953
			*MESH_VERTEX  757	-111.3694	17.9638	134.3087
			*MESH_VERTEX  758	-106.3173	29.7148	135.5552
			*MESH_VERTEX  759	-103.2991	25.2460	134.4909
			*MESH_VERTEX  760	-109.1618	23.9881	138.0674
			*MESH_VERTEX  761	-103.5498	24.1296	133.7593
			*MESH_VERTEX  762	-105.9310	19.6792	135.0362
			*MESH_VERTEX  763	-117.3724	16.1698	132.6703
			*MESH_VERTEX  764	-115.0905	20.4869	138.8435
			*MESH_VERTEX  765	-107.7211	27.4017	137.8563
			*MESH_VERTEX  766	-107.9455	20.7688	137.4228
			*MESH_VERTEX  767	-103.8014	42.6474	139.5727
			*MESH_VERTEX  768	-111.8864	17.7061	132.7753
			*MESH_VERTEX  769	-101.9719	43.4875	135.9758
			*MESH_VERTEX  770	-103.3541	34.6461	136.1419
			*MESH_VERTEX  771	-102.3462	30.2000	135.6780
			*MESH_VERTEX  772	-115.7476	16.5372	140.3390
			*MESH_VERTEX  773	-99.8295	47.9664	137.4892
			*MESH_VERTEX  774	-96.8178	51.5311	136.9723
			*MESH_VERTEX  775	-107.2961	27.8914	135.4054
			*MESH_VERTEX  776	-97.3007	47.0447	139.2600
			*MESH_VERTEX  777	-98.2539	39.6529	134.9352
			*MESH_VERTEX  778	-103.5504	41.2968	138.9085
			*MESH_VERTEX  779	-111.7456	18.5950	136.8148
			*MESH_VERTEX  780	-104.7069	21.4371	132.7918
			*MESH_VERTEX  781	-100.8552	49.5508	136.5444
			*MESH_VERTEX  782	-117.1001	15.7502	132.5329
			*MESH_VERTEX  783	-115.0426	18.7239	136.0261
			*MESH_VERTEX  784	-100.1647	32.1182	134.3284
			*MESH_VERTEX  785	-97.6201	43.8499	135.9179
			*MESH_VERTEX  786	-98.7431	40.8877	137.5264
			*MESH_VERTEX  787	-99.0263	48.3676	137.4109
			*MESH_VERTEX  788	-109.4971	17.9257	133.0273
			*MESH_VERTEX  789	-106.0782	30.8580	137.2955
			*MESH_VERTEX  790	-103.3627	41.4183	135.0876
			*MESH_VERTEX  791	-103.7298	38.8720	134.4471
			*MESH_VERTEX  792	-101.5646	29.4840	135.4197
			*MESH_VERTEX  793	-113.1530	16.0747	137.3692
			*MESH_VERTEX  794	-105.4185	33.4818	135.3899
			*MESH_VERTEX  795	-103.8882	24.0430	139.1498
			*MESH_VERTEX  796	-106.9389	19.8933	133.8059
			*MESH_VERTEX  797	-100.1985	32.1739	139.1168
			*MESH_VERTEX  798	-95.6239	49.3880	139.2391
			*MESH_VERTEX  799	-99.5546	43.9885	137.2772
			*MESH_VERTEX  800	-110.4658	22.8367	137.3465
			*MESH_VERTEX  801	-107.7389	20.0193	133.4570
			*MESH_VERTEX  802	-101.5372	50.8867	136.9365
			*MESH_VERTEX  803	-98.2440	50.4869	138.3210
			*MESH_VERTEX  804	-109.4657	17.8162	137.2392
			*MESH_VERTEX  805	-102.2704	26.7765	133.6472
			*MESH_VERTEX  806	-97.2635	41.9189	137.6940
			*MESH_VERTEX  807	-99.0271	35.6326	134.8236
			*MESH_VERTEX  808	-105.4789	34.3549	138.3618
			*MESH_VERTEX  809	-97.3718	47.0498	136.6531
			*MESH_VERTEX  810	-97.6376	41.3094	138.9528
			*MESH_VERTEX  811	-111.6686	17.0754	132.9682
			*MESH_VERTEX  812	-105.7118	28.2964	133.9189
			*MESH_VERTEX  813	-117.1883	16.5748	137.1776
			*MESH_VERTEX  814	-107.8170	25.1172	138.5318
			*MESH_VERTEX  815	-98.3413	52.7972	138.1662
			*MESH_VERTEX  816	-107.6486	19.8335	137.0151
			*MESH_VERTEX  817	-111.6704	18.2046	134.8744
			*MESH_VERTEX  818	-99.8304	33.3573	135.1730
			*MESH_VERTEX  819	-107.3472	19.6962	133.6576
			*MESH_VERTEX  820	-96.6602	48.8238	136.4557
			*MESH_VERTEX  821	-102.3658	32.6841	136.2113
			*MESH_VERTEX  822	-104.2605	20.5435	134.3599
			*MESH_VERTEX  823	-101.2417	28.3739	139.3828
			*MESH_VERTEX  824	-101.9575	45.7743	136.4795
			*MESH_VERTEX  825	-101.1716	47.0176	140.7478
			*MESH_VERTEX  826	-105.0247	30.2689	135.3057
			*MESH_VERTEX  827	-101.1422	37.3196	136.9422
			*MESH_VERTEX  828	-99.7671	34.5204	138.0708
			*MESH_VERTEX  829	-95.4524	50.7072	140.4419
			*MESH_VERTEX  830	-96.6636	44.2651	137.9115
			*MESH_VERTEX  831	-111.0459	17.6847	133.1912
			*MESH_VERTEX  832	-97.6796	39.5896	136.8906
			*MESH_VERTEX  833	-102.1185	46.3606	141.0028
			*MESH_VERTEX  834	-96.2492	51.8385	138.6850
			*MESH_VERTEX  835	-103.4154	21.1895	137.4331
			*MESH_VERTEX  836	-103.7144	24.2155	139.3342
			*MESH_VERTEX  837	-105.6906	26.1412	135.1103
			*MESH_VERTEX  838	-100.9251	30.5709	139.1575
			*MESH_VERTEX  839	-101.2212	30.2178	134.6196
			*MESH_VERTEX  840	-101.7607	42.1168	136.5933
			*MESH_VERTEX  841	-109.7735	18.4949	139.3206
			*MESH_VERTEX  842	-100.1194	41.4540	136.3109
			*MESH_VERTEX  843	-101.4040	47.6061	136.2389
			*MESH_VERTEX  844	-97.9313	36.8365	139.0161
			*MESH_VERTEX  845	-117.6306	17.3242	136.5702
			*MESH_VERTEX  846	-115.2673	23.4815	139.9793
			*MESH_VERTEX  847	-107.5838	20.6086	137.3917
			*MESH_VERTEX  848	-110.3929	23.5662	137.5771
			*MESH_VERTEX  849	-109.7704	26.7458	139.3689
			*MESH_VERTEX  850	-98.6773	41.0861	137.5856
			*MESH_VERTEX  851	-100.8782	52.8739	139.5223
			*MESH_VERTEX  852	-97.2590	52.5308	139.7317
			*MESH_VERTEX  853	-96.2266	40.7030	143.3877
			*MESH_VERTEX  854	-104.7080	39.6690	139.1906
			*MESH_VERTEX  855	-104.4369	36.4810	138.0217
			*MESH_VERTEX  856	-111.8977	18.5550	136.8576
			*MESH_VERTEX  857	-101.6643	26.4333	140.2715
			*MESH_VERTEX  858	-102.3840	24.6128	140.1817
			*MESH_VERTEX  859	-109.8930	31.0662	142.8127
			*MESH_VERTEX  860	-117.6306	16.1990	142.5012
			*MESH_VERTEX  861	-99.3092	30.3203	142.2428
			*MESH_VERTEX  862	-94.5995	49.2210	142.2256
			*MESH_VERTEX  863	-104.4925	21.2455	140.7448
			*MESH_VERTEX  864	-117.6306	33.9387	148.2143
			*MESH_VERTEX  865	-98.3617	55.0553	139.2016
			*MESH_VERTEX  866	-96.0791	55.3307	150.1987
			*MESH_VERTEX  867	-107.8885	37.5053	142.9956
			*MESH_VERTEX  868	-110.7951	17.4284	140.8275
			*MESH_VERTEX  869	-96.5225	45.9620	150.1991
			*MESH_VERTEX  870	-107.0946	19.7736	141.5444
			*MESH_VERTEX  871	-102.2837	23.9363	141.9933
			*MESH_VERTEX  872	-104.1716	20.6821	143.1584
			*MESH_VERTEX  873	-99.5223	33.6975	150.1996
			*MESH_VERTEX  874	-117.6306	54.5719	147.4328
			*MESH_VERTEX  875	-102.9582	24.9097	150.1997
			*MESH_VERTEX  876	-109.9836	18.9331	150.1999
			*MESH_VERTEX  877	-117.6306	15.9820	150.1999
			*MESH_VERTEX  878	-113.6589	17.1910	140.1334
			*MESH_VERTEX  879	-113.8027	15.5811	142.8000
			*MESH_VERTEX  880	-114.3879	16.5089	132.4023
			*MESH_VERTEX  881	-114.9460	15.9817	132.4201
			*MESH_VERTEX  882	-115.3466	15.5486	137.0544
			*MESH_VERTEX  883	-117.5511	15.9783	133.5141
			*MESH_VERTEX  884	-108.6864	19.1786	139.4595
			*MESH_VERTEX  885	-101.5989	34.5468	136.6083
			*MESH_VERTEX  886	-114.7003	16.8650	140.4770
			*MESH_VERTEX  887	-116.6581	16.9369	139.1755
			*MESH_VERTEX  888	-111.0331	18.3993	138.1811
			*MESH_VERTEX  889	-105.4064	20.7574	140.5791
			*MESH_VERTEX  890	-106.3835	20.5863	139.5740
			*MESH_VERTEX  891	-107.9782	20.1899	138.3702
			*MESH_VERTEX  892	-103.4753	24.7501	135.5124
			*MESH_VERTEX  893	-103.8711	22.5840	140.1639
			*MESH_VERTEX  894	-102.0283	29.2599	138.0022
			*MESH_VERTEX  895	-96.8313	44.6656	139.6088
			*MESH_VERTEX  896	-106.3350	20.1296	133.4066
			*MESH_VERTEX  897	-113.0257	17.9406	139.2067
			*MESH_VERTEX  898	-112.1059	17.5613	140.6447
			*MESH_VERTEX  899	-135.4156	46.4565	137.3881
			*MESH_VERTEX  900	-138.1605	42.2101	139.4391
			*MESH_VERTEX  901	-136.6098	41.3674	136.2933
			*MESH_VERTEX  902	-136.9289	35.7971	136.9086
			*MESH_VERTEX  903	-136.6780	40.9827	136.1077
			*MESH_VERTEX  904	-129.8939	31.6279	135.5878
			*MESH_VERTEX  905	-132.8278	29.6509	137.9581
			*MESH_VERTEX  906	-129.1863	31.5490	137.4920
			*MESH_VERTEX  907	-138.6439	50.5124	137.4239
			*MESH_VERTEX  908	-138.6896	47.4531	139.4091
			*MESH_VERTEX  909	-134.8911	52.9945	137.6246
			*MESH_VERTEX  910	-131.9726	35.7075	135.9269
			*MESH_VERTEX  911	-127.9899	20.0700	135.2726
			*MESH_VERTEX  912	-122.5374	22.0501	137.2953
			*MESH_VERTEX  913	-123.8918	17.9638	134.3087
			*MESH_VERTEX  914	-128.9439	29.7148	135.5551
			*MESH_VERTEX  915	-131.9622	25.2460	134.4909
			*MESH_VERTEX  916	-126.0995	23.9881	138.0674
			*MESH_VERTEX  917	-131.7114	24.1296	133.7593
			*MESH_VERTEX  918	-129.3302	19.6792	135.0362
			*MESH_VERTEX  919	-117.8889	16.1698	132.6703
			*MESH_VERTEX  920	-120.1708	20.4869	138.8435
			*MESH_VERTEX  921	-127.5402	27.4017	137.8563
			*MESH_VERTEX  922	-127.3158	20.7687	137.4229
			*MESH_VERTEX  923	-131.4598	42.6474	139.5727
			*MESH_VERTEX  924	-123.3748	17.7060	132.7753
			*MESH_VERTEX  925	-133.2893	43.4875	135.9757
			*MESH_VERTEX  926	-131.9072	34.6461	136.1419
			*MESH_VERTEX  927	-132.9151	30.2000	135.6780
			*MESH_VERTEX  928	-119.5136	16.5372	140.3390
			*MESH_VERTEX  929	-135.4317	47.9664	137.4892
			*MESH_VERTEX  930	-138.4435	51.5311	136.9723
			*MESH_VERTEX  931	-127.9652	27.8914	135.4054
			*MESH_VERTEX  932	-137.9606	47.0447	139.2601
			*MESH_VERTEX  933	-137.0074	39.6529	134.9352
			*MESH_VERTEX  934	-131.7108	41.2968	138.9085
			*MESH_VERTEX  935	-123.5156	18.5950	136.8148
			*MESH_VERTEX  936	-130.5544	21.4371	132.7918
			*MESH_VERTEX  937	-134.4060	49.5508	136.5444
			*MESH_VERTEX  938	-118.1611	15.7502	132.5329
			*MESH_VERTEX  939	-120.2186	18.7239	136.0261
			*MESH_VERTEX  940	-135.0966	32.1182	134.3284
			*MESH_VERTEX  941	-137.6412	43.8499	135.9179
			*MESH_VERTEX  942	-136.5181	40.8877	137.5263
			*MESH_VERTEX  943	-136.2350	48.3676	137.4109
			*MESH_VERTEX  944	-125.7641	17.9257	133.0273
			*MESH_VERTEX  945	-129.1831	30.8580	137.2956
			*MESH_VERTEX  946	-131.8985	41.4183	135.0876
			*MESH_VERTEX  947	-131.5314	38.8720	134.4472
			*MESH_VERTEX  948	-133.6966	29.4840	135.4197
			*MESH_VERTEX  949	-122.1082	16.0747	137.3693
			*MESH_VERTEX  950	-129.8428	33.4818	135.3899
			*MESH_VERTEX  951	-131.3730	24.0430	139.1498
			*MESH_VERTEX  952	-128.3224	19.8933	133.8059
			*MESH_VERTEX  953	-135.0628	32.1739	139.1168
			*MESH_VERTEX  954	-139.6374	49.3880	139.2391
			*MESH_VERTEX  955	-135.7067	43.9885	137.2772
			*MESH_VERTEX  956	-124.7954	22.8367	137.3465
			*MESH_VERTEX  957	-127.5223	20.0193	133.4569
			*MESH_VERTEX  958	-133.7240	50.8867	136.9365
			*MESH_VERTEX  959	-137.0173	50.4870	138.3210
			*MESH_VERTEX  960	-125.7955	17.8162	137.2391
			*MESH_VERTEX  961	-132.9908	26.7765	133.6472
			*MESH_VERTEX  962	-137.9978	41.9189	137.6940
			*MESH_VERTEX  963	-136.2341	35.6326	134.8235
			*MESH_VERTEX  964	-129.7824	34.3549	138.3618
			*MESH_VERTEX  965	-137.8895	47.0498	136.6531
			*MESH_VERTEX  966	-137.6236	41.3094	138.9528
			*MESH_VERTEX  967	-123.5927	17.0754	132.9682
			*MESH_VERTEX  968	-129.5495	28.2964	133.9190
			*MESH_VERTEX  969	-118.0729	16.5748	137.1776
			*MESH_VERTEX  970	-127.4443	25.1173	138.5318
			*MESH_VERTEX  971	-136.9200	52.7973	138.1661
			*MESH_VERTEX  972	-127.6126	19.8335	137.0151
			*MESH_VERTEX  973	-123.5908	18.2046	134.8743
			*MESH_VERTEX  974	-135.4308	33.3573	135.1730
			*MESH_VERTEX  975	-127.9140	19.6962	133.6577
			*MESH_VERTEX  976	-138.6011	48.8238	136.4557
			*MESH_VERTEX  977	-132.8955	32.6841	136.2113
			*MESH_VERTEX  978	-131.0007	20.5435	134.3599
			*MESH_VERTEX  979	-134.0195	28.3739	139.3828
			*MESH_VERTEX  980	-133.3037	45.7743	136.4795
			*MESH_VERTEX  981	-134.0897	47.0176	140.7478
			*MESH_VERTEX  982	-130.2365	30.2689	135.3057
			*MESH_VERTEX  983	-134.1190	37.3196	136.9423
			*MESH_VERTEX  984	-135.4941	34.5204	138.0708
			*MESH_VERTEX  985	-139.9450	50.7072	140.5770
			*MESH_VERTEX  986	-138.5977	44.2651	137.9115
			*MESH_VERTEX  987	-124.2153	17.6847	133.1912
			*MESH_VERTEX  988	-137.5816	39.5896	136.8906
			*MESH_VERTEX  989	-133.1427	46.3606	141.0028
			*MESH_VERTEX  990	-139.0120	51.8385	138.6850
			*MESH_VERTEX  991	-131.8459	21.1895	137.4330
			*MESH_VERTEX  992	-131.5468	24.2154	139.3342
			*MESH_VERTEX  993	-129.5706	26.1411	135.1104
			*MESH_VERTEX  994	-134.3362	30.5709	139.1575
			*MESH_VERTEX  995	-134.0401	30.2178	134.6197
			*MESH_VERTEX  996	-133.5006	42.1168	136.5932
			*MESH_VERTEX  997	-125.4878	18.4949	139.3206
			*MESH_VERTEX  998	-135.1419	41.4540	136.3109
			*MESH_VERTEX  999	-133.8572	47.6061	136.2389
			*MESH_VERTEX 1000	-137.3299	36.8365	139.0161
			*MESH_VERTEX 1001	-119.9939	23.4815	139.9793
			*MESH_VERTEX 1002	-127.6775	20.6086	137.3916
			*MESH_VERTEX 1003	-124.8683	23.5662	137.5771
			*MESH_VERTEX 1004	-125.4909	26.7458	139.3689
			*MESH_VERTEX 1005	-136.5840	41.0861	137.5856
			*MESH_VERTEX 1006	-134.3831	52.8739	139.5223
			*MESH_VERTEX 1007	-138.0023	52.5308	139.7317
			*MESH_VERTEX 1008	-139.0204	40.7030	143.3877
			*MESH_VERTEX 1009	-130.5533	39.6690	139.1905
			*MESH_VERTEX 1010	-130.8244	36.4810	138.0216
			*MESH_VERTEX 1011	-123.3635	18.5550	136.8576
			*MESH_VERTEX 1012	-133.5970	26.4333	140.2715
			*MESH_VERTEX 1013	-132.8772	24.6128	140.1817
			*MESH_VERTEX 1014	-125.3682	31.0662	142.8127
			*MESH_VERTEX 1015	-135.9520	30.3203	142.2427
			*MESH_VERTEX 1016	-140.5140	49.2210	142.2257
			*MESH_VERTEX 1017	-130.7688	21.2455	140.7448
			*MESH_VERTEX 1018	-136.8996	55.0554	139.2016
			*MESH_VERTEX 1019	-139.1822	55.3307	150.1987
			*MESH_VERTEX 1020	-127.3728	37.5053	142.9956
			*MESH_VERTEX 1021	-124.4661	17.4285	140.8275
			*MESH_VERTEX 1022	-138.7388	45.9620	150.1991
			*MESH_VERTEX 1023	-128.1666	19.7736	141.5443
			*MESH_VERTEX 1024	-132.9776	23.9363	141.9932
			*MESH_VERTEX 1025	-131.0896	20.6821	143.1585
			*MESH_VERTEX 1026	-135.7390	33.6975	150.1996
			*MESH_VERTEX 1027	-132.3031	24.9097	150.1997
			*MESH_VERTEX 1028	-125.2777	18.9332	150.1999
			*MESH_VERTEX 1029	-121.6023	17.1910	140.1334
			*MESH_VERTEX 1030	-121.4585	15.5812	142.8000
			*MESH_VERTEX 1031	-120.8733	16.5089	132.4023
			*MESH_VERTEX 1032	-120.3152	15.9817	132.4201
			*MESH_VERTEX 1033	-119.9146	15.5485	137.0544
			*MESH_VERTEX 1034	-117.7101	15.9783	133.5141
			*MESH_VERTEX 1035	-126.5748	19.1786	139.4595
			*MESH_VERTEX 1036	-133.6623	34.5468	136.6083
			*MESH_VERTEX 1037	-120.5609	16.8650	140.4770
			*MESH_VERTEX 1038	-118.6032	16.9369	139.1755
			*MESH_VERTEX 1039	-124.2281	18.3993	138.1811
			*MESH_VERTEX 1040	-129.8548	20.7574	140.5791
			*MESH_VERTEX 1041	-128.8777	20.5863	139.5740
			*MESH_VERTEX 1042	-127.2831	20.1899	138.3702
			*MESH_VERTEX 1043	-131.7860	24.7501	135.5124
			*MESH_VERTEX 1044	-131.3902	22.5840	140.1639
			*MESH_VERTEX 1045	-133.2330	29.2599	138.0022
			*MESH_VERTEX 1046	-138.4300	44.6656	139.6088
			*MESH_VERTEX 1047	-128.9263	20.1296	133.4066
			*MESH_VERTEX 1048	-122.2355	17.9406	139.2067
			*MESH_VERTEX 1049	-123.1553	17.5613	140.6446
			*MESH_VERTEX 1050	-140.2892	47.8606	145.5537
			*MESH_VERTEX 1051	-94.9443	47.7461	145.8342
			*MESH_VERTEX 1052	-117.5529	22.2731	122.8610
			*MESH_VERTEX 1053	-117.4604	22.2330	122.8149
			*MESH_VERTEX 1054	-117.4604	56.6659	122.5074
			*MESH_VERTEX 1055	-117.4604	31.6687	118.3696
			*MESH_VERTEX 1056	-117.4604	22.7486	113.6346
			*MESH_VERTEX 1057	-133.6115	37.0187	127.0814
			*MESH_VERTEX 1058	-136.2929	43.4443	127.3706
			*MESH_VERTEX 1059	-130.0529	39.2433	124.8282
			*MESH_VERTEX 1060	-134.8525	51.0466	129.3201
			*MESH_VERTEX 1061	-131.3335	47.4276	130.9456
			*MESH_VERTEX 1062	-135.9635	44.0553	127.7921
			*MESH_VERTEX 1063	-136.7780	50.8436	130.0615
			*MESH_VERTEX 1064	-132.7780	52.4303	129.3072
			*MESH_VERTEX 1065	-136.9279	54.7343	134.3549
			*MESH_VERTEX 1066	-132.4045	44.1550	129.3025
			*MESH_VERTEX 1067	-134.9705	44.3630	130.3734
			*MESH_VERTEX 1068	-128.0108	31.1224	126.9338
			*MESH_VERTEX 1069	-130.0290	27.2535	125.1251
			*MESH_VERTEX 1070	-133.4767	35.0336	128.2704
			*MESH_VERTEX 1071	-129.6679	35.7715	127.5698
			*MESH_VERTEX 1072	-121.9049	25.9473	122.7831
			*MESH_VERTEX 1073	-124.8462	23.5176	125.7700
			*MESH_VERTEX 1074	-136.0231	40.0897	127.7813
			*MESH_VERTEX 1075	-127.1261	24.9618	120.0941
			*MESH_VERTEX 1076	-125.5252	23.8048	125.4986
			*MESH_VERTEX 1077	-128.8608	32.4326	124.7552
			*MESH_VERTEX 1078	-134.8239	50.3513	131.6366
			*MESH_VERTEX 1079	-130.3783	32.3054	125.2792
			*MESH_VERTEX 1080	-117.7308	21.6820	125.3484
			*MESH_VERTEX 1081	-121.4688	22.2045	125.5780
			*MESH_VERTEX 1082	-129.5141	33.6382	128.0321
			*MESH_VERTEX 1083	-121.4840	23.3273	122.6758
			*MESH_VERTEX 1084	-132.0816	48.4706	127.1927
			*MESH_VERTEX 1085	-127.5781	25.6217	126.3503
			*MESH_VERTEX 1086	-136.0271	48.2796	132.0736
			*MESH_VERTEX 1087	-137.9106	49.1645	128.1657
			*MESH_VERTEX 1088	-135.3497	38.1703	125.1336
			*MESH_VERTEX 1089	-130.6714	37.1974	128.7164
			*MESH_VERTEX 1090	-121.5914	22.5105	125.4749
			*MESH_VERTEX 1091	-130.5199	37.2151	126.0105
			*MESH_VERTEX 1092	-134.8905	40.7741	129.8986
			*MESH_VERTEX 1093	-129.7511	31.6356	127.0104
			*MESH_VERTEX 1094	-132.2406	44.3844	127.3377
			*MESH_VERTEX 1095	-135.8425	55.8440	133.9612
			*MESH_VERTEX 1096	-130.5274	37.1123	128.2988
			*MESH_VERTEX 1097	-118.2979	25.7247	121.7881
			*MESH_VERTEX 1098	-133.7001	53.3591	132.9562
			*MESH_VERTEX 1099	-131.1881	45.0232	130.2698
			*MESH_VERTEX 1100	-127.0861	30.9567	123.0842
			*MESH_VERTEX 1101	-124.9947	24.4465	122.9551
			*MESH_VERTEX 1102	-134.1242	50.1760	131.7678
			*MESH_VERTEX 1103	-130.7594	34.2058	127.2696
			*MESH_VERTEX 1104	-129.0712	30.4545	126.1861
			*MESH_VERTEX 1105	-136.6132	44.2076	129.0753
			*MESH_VERTEX 1106	-135.6843	53.8554	133.2998
			*MESH_VERTEX 1107	-129.4008	27.9768	125.6586
			*MESH_VERTEX 1108	-133.6190	40.9936	129.3389
			*MESH_VERTEX 1109	-128.3769	26.8973	125.6549
			*MESH_VERTEX 1110	-137.7782	52.1442	133.7417
			*MESH_VERTEX 1111	-120.1826	21.5655	125.6412
			*MESH_VERTEX 1112	-133.3998	43.8269	129.7860
			*MESH_VERTEX 1113	-132.2140	50.3871	130.4367
			*MESH_VERTEX 1114	-129.5611	41.7751	125.1816
			*MESH_VERTEX 1115	-134.8426	51.2465	130.1277
			*MESH_VERTEX 1116	-130.9778	43.3015	130.2171
			*MESH_VERTEX 1117	-126.9375	23.9946	123.8394
			*MESH_VERTEX 1118	-132.1989	31.8474	127.4467
			*MESH_VERTEX 1119	-133.2527	51.6143	132.5474
			*MESH_VERTEX 1120	-135.1801	43.1666	129.8071
			*MESH_VERTEX 1121	-131.4794	29.0137	126.6977
			*MESH_VERTEX 1122	-136.4026	40.7095	125.5737
			*MESH_VERTEX 1123	-133.8649	32.8989	126.1232
			*MESH_VERTEX 1124	-121.6639	23.9683	124.0630
			*MESH_VERTEX 1125	-128.3967	27.8351	124.5975
			*MESH_VERTEX 1126	-128.9773	35.0235	124.3905
			*MESH_VERTEX 1127	-129.9589	39.0721	129.3698
			*MESH_VERTEX 1128	-132.2643	37.2398	126.3217
			*MESH_VERTEX 1129	-136.3465	49.7791	130.4078
			*MESH_VERTEX 1130	-124.1271	26.3790	124.9203
			*MESH_VERTEX 1131	-128.4327	25.2622	123.7496
			*MESH_VERTEX 1132	-136.9306	50.2775	132.8752
			*MESH_VERTEX 1133	-135.0938	37.2480	126.4564
			*MESH_VERTEX 1134	-124.3743	22.9809	122.7894
			*MESH_VERTEX 1135	-133.4006	54.8413	129.8529
			*MESH_VERTEX 1136	-127.7777	30.0663	126.5070
			*MESH_VERTEX 1137	-131.0618	29.9565	127.2927
			*MESH_VERTEX 1138	-133.4738	55.1512	133.7689
			*MESH_VERTEX 1139	-131.8769	48.7387	131.7510
			*MESH_VERTEX 1140	-120.7949	25.3224	122.4822
			*MESH_VERTEX 1141	-127.8681	28.2471	125.2858
			*MESH_VERTEX 1142	-133.6167	45.9975	130.2479
			*MESH_VERTEX 1143	-134.2691	37.2435	128.8501
			*MESH_VERTEX 1144	-125.8364	24.6640	121.1267
			*MESH_VERTEX 1145	-133.1306	45.9491	126.6621
			*MESH_VERTEX 1146	-118.9989	21.6571	121.5886
			*MESH_VERTEX 1147	-120.1713	21.7553	121.7525
			*MESH_VERTEX 1148	-122.9499	22.1678	125.8108
			*MESH_VERTEX 1149	-126.6787	24.3297	126.6399
			*MESH_VERTEX 1150	-133.5490	50.5169	128.0860
			*MESH_VERTEX 1151	-132.1394	36.9280	128.0578
			*MESH_VERTEX 1152	-122.7552	22.6455	121.8232
			*MESH_VERTEX 1153	-129.5489	37.1521	125.2496
			*MESH_VERTEX 1154	-127.3976	24.6920	121.4449
			*MESH_VERTEX 1155	-133.0596	52.5787	132.2737
			*MESH_VERTEX 1156	-133.5548	36.4401	126.0791
			*MESH_VERTEX 1157	-136.3621	37.1704	123.6668
			*MESH_VERTEX 1158	-130.9391	45.2907	126.8604
			*MESH_VERTEX 1159	-130.4716	51.3441	127.2059
			*MESH_VERTEX 1160	-124.8014	24.5102	122.9593
			*MESH_VERTEX 1161	-130.9989	31.8910	125.0680
			*MESH_VERTEX 1162	-127.9919	35.4967	123.8979
			*MESH_VERTEX 1163	-125.8165	28.9864	122.2299
			*MESH_VERTEX 1164	-140.1658	50.3189	128.0671
			*MESH_VERTEX 1165	-133.1399	33.0166	123.5994
			*MESH_VERTEX 1166	-119.9568	22.0229	119.1202
			*MESH_VERTEX 1167	-138.0012	44.1791	125.0969
			*MESH_VERTEX 1168	-128.2824	28.2530	123.6857
			*MESH_VERTEX 1169	-139.1892	55.2891	130.9614
			*MESH_VERTEX 1170	-134.1744	56.4376	132.2349
			*MESH_VERTEX 1171	-125.4057	23.5988	118.9580
			*MESH_VERTEX 1172	-123.1227	23.3132	120.4636
			*MESH_VERTEX 1173	-135.4689	33.7529	122.6099
			*MESH_VERTEX 1174	-132.0118	29.4288	121.6071
			*MESH_VERTEX 1175	-133.4187	31.6395	122.0569
			*MESH_VERTEX 1176	-139.2666	53.3385	129.9227
			*MESH_VERTEX 1177	-141.2836	61.0141	120.7588
			*MESH_VERTEX 1178	-135.2267	32.6321	114.7661
			*MESH_VERTEX 1179	-138.6609	42.6360	117.0970
			*MESH_VERTEX 1180	-123.6850	24.0592	113.5071
			*MESH_VERTEX 1181	-130.0417	26.2800	114.3229
			*MESH_VERTEX 1182	-117.4604	21.6394	119.3953
			*MESH_VERTEX 1183	-118.4277	22.1208	120.5182
			*MESH_VERTEX 1184	-119.0834	22.1852	119.4062
			*MESH_VERTEX 1185	-119.4400	22.0519	119.0630
			*MESH_VERTEX 1186	-120.4766	22.5486	119.8917
			*MESH_VERTEX 1187	-122.3802	23.4453	120.7756
			*MESH_VERTEX 1188	-124.2395	23.9763	121.1723
			*MESH_VERTEX 1189	-117.6343	21.8866	125.2989
			*MESH_VERTEX 1190	-118.7349	21.6164	125.5676
			*MESH_VERTEX 1191	-121.4008	21.9115	125.6144
			*MESH_VERTEX 1192	-130.6357	26.9618	120.0225
			*MESH_VERTEX 1193	-128.5215	26.5782	121.3905
			*MESH_VERTEX 1194	-128.0686	25.6408	120.3977
			*MESH_VERTEX 1195	-129.9173	28.3549	122.0677
			*MESH_VERTEX 1196	-132.3165	30.9858	122.7259
			*MESH_VERTEX 1197	-133.7941	34.8866	123.8011
			*MESH_VERTEX 1198	-137.1150	45.7812	127.3226
			*MESH_VERTEX 1199	-137.9932	51.7873	129.5392
			*MESH_VERTEX 1200	-123.6650	23.7368	120.6116
			*MESH_VERTEX 1201	-126.4382	24.8527	120.4032
			*MESH_VERTEX 1202	-130.8215	28.9097	121.6150
			*MESH_VERTEX 1203	-117.3678	22.2731	122.8610
			*MESH_VERTEX 1204	-101.3093	37.0187	127.0813
			*MESH_VERTEX 1205	-98.6279	43.4443	127.3706
			*MESH_VERTEX 1206	-104.8678	39.2433	124.8282
			*MESH_VERTEX 1207	-100.0683	51.0466	129.3201
			*MESH_VERTEX 1208	-103.5873	47.4276	130.9454
			*MESH_VERTEX 1209	-98.9572	44.0553	127.7921
			*MESH_VERTEX 1210	-98.1428	50.8436	130.0616
			*MESH_VERTEX 1211	-102.1428	52.4303	129.3071
			*MESH_VERTEX 1212	-97.9928	54.7343	134.3549
			*MESH_VERTEX 1213	-102.5163	44.1550	129.3025
			*MESH_VERTEX 1214	-99.9503	44.3630	130.3734
			*MESH_VERTEX 1215	-106.9099	31.1224	126.9338
			*MESH_VERTEX 1216	-104.8918	27.2535	125.1251
			*MESH_VERTEX 1217	-101.4441	35.0336	128.2704
			*MESH_VERTEX 1218	-105.2529	35.7715	127.5698
			*MESH_VERTEX 1219	-113.0159	25.9473	122.7831
			*MESH_VERTEX 1220	-110.0746	23.5176	125.7701
			*MESH_VERTEX 1221	-98.8976	40.0897	127.7813
			*MESH_VERTEX 1222	-107.7946	24.9618	120.0941
			*MESH_VERTEX 1223	-109.3955	23.8048	125.4986
			*MESH_VERTEX 1224	-106.0599	32.4326	124.7552
			*MESH_VERTEX 1225	-100.0969	50.3513	131.6366
			*MESH_VERTEX 1226	-104.5424	32.3054	125.2793
			*MESH_VERTEX 1227	-117.1899	21.6820	125.3484
			*MESH_VERTEX 1228	-113.4519	22.2045	125.5780
			*MESH_VERTEX 1229	-105.4067	33.6382	128.0322
			*MESH_VERTEX 1230	-113.4368	23.3273	122.6758
			*MESH_VERTEX 1231	-102.8391	48.4706	127.1927
			*MESH_VERTEX 1232	-107.3426	25.6217	126.3503
			*MESH_VERTEX 1233	-98.8937	48.2796	132.0736
			*MESH_VERTEX 1234	-97.0102	49.1645	128.1657
			*MESH_VERTEX 1235	-99.5710	38.1703	125.1336
			*MESH_VERTEX 1236	-104.2494	37.1975	128.7164
			*MESH_VERTEX 1237	-113.3294	22.5105	125.4749
			*MESH_VERTEX 1238	-104.4008	37.2151	126.0104
			*MESH_VERTEX 1239	-100.0302	40.7741	129.8985
			*MESH_VERTEX 1240	-105.1696	31.6356	127.0104
			*MESH_VERTEX 1241	-102.6801	44.3844	127.3377
			*MESH_VERTEX 1242	-99.0782	55.8440	133.9612
			*MESH_VERTEX 1243	-104.3934	37.1123	128.2988
			*MESH_VERTEX 1244	-116.6228	25.7248	121.7881
			*MESH_VERTEX 1245	-101.2207	53.3591	132.9562
			*MESH_VERTEX 1246	-103.7326	45.0233	130.2698
			*MESH_VERTEX 1247	-107.8347	30.9567	123.0841
			*MESH_VERTEX 1248	-109.9260	24.4465	122.9550
			*MESH_VERTEX 1249	-100.7966	50.1760	131.7678
			*MESH_VERTEX 1250	-104.1614	34.2058	127.2695
			*MESH_VERTEX 1251	-105.8496	30.4545	126.1861
			*MESH_VERTEX 1252	-98.3075	44.2076	129.0754
			*MESH_VERTEX 1253	-99.2365	53.8554	133.2998
			*MESH_VERTEX 1254	-105.5199	27.9768	125.6587
			*MESH_VERTEX 1255	-101.3018	40.9936	129.3389
			*MESH_VERTEX 1256	-106.5438	26.8973	125.6549
			*MESH_VERTEX 1257	-97.1425	52.1442	133.7417
			*MESH_VERTEX 1258	-114.7381	21.5655	125.6412
			*MESH_VERTEX 1259	-101.5210	43.8269	129.7860
			*MESH_VERTEX 1260	-102.7068	50.3871	130.4367
			*MESH_VERTEX 1261	-105.3597	41.7752	125.1816
			*MESH_VERTEX 1262	-100.0782	51.2465	130.1278
			*MESH_VERTEX 1263	-103.9429	43.3015	130.2170
			*MESH_VERTEX 1264	-107.9832	23.9946	123.8393
			*MESH_VERTEX 1265	-102.7219	31.8474	127.4467
			*MESH_VERTEX 1266	-101.6681	51.6143	132.5474
			*MESH_VERTEX 1267	-99.7407	43.1666	129.8071
			*MESH_VERTEX 1268	-103.4413	29.0137	126.6975
			*MESH_VERTEX 1269	-98.5182	40.7096	125.5737
			*MESH_VERTEX 1270	-101.0559	32.8989	126.1231
			*MESH_VERTEX 1271	-113.2568	23.9683	124.0630
			*MESH_VERTEX 1272	-106.5240	27.8350	124.5975
			*MESH_VERTEX 1273	-105.9434	35.0235	124.3905
			*MESH_VERTEX 1274	-104.9618	39.0721	129.3698
			*MESH_VERTEX 1275	-102.6565	37.2398	126.3217
			*MESH_VERTEX 1276	-98.5743	49.7791	130.4078
			*MESH_VERTEX 1277	-110.7936	27.3790	122.6256
			*MESH_VERTEX 1278	-106.4880	25.2622	123.7496
			*MESH_VERTEX 1279	-97.9901	50.2775	132.8752
			*MESH_VERTEX 1280	-99.8269	37.2480	126.4564
			*MESH_VERTEX 1281	-110.5464	22.9809	122.7895
			*MESH_VERTEX 1282	-101.5201	54.8413	129.8529
			*MESH_VERTEX 1283	-107.1431	30.0663	126.5070
			*MESH_VERTEX 1284	-103.8590	29.9565	127.2927
			*MESH_VERTEX 1285	-101.4470	55.1512	133.7689
			*MESH_VERTEX 1286	-103.0438	48.7387	131.7509
			*MESH_VERTEX 1287	-114.1258	25.3224	122.4822
			*MESH_VERTEX 1288	-107.0527	28.2471	125.2858
			*MESH_VERTEX 1289	-101.3040	45.9975	130.2478
			*MESH_VERTEX 1290	-100.6517	37.2435	128.8501
			*MESH_VERTEX 1291	-109.0843	24.6640	121.1267
			*MESH_VERTEX 1292	-101.7902	45.9491	126.6621
			*MESH_VERTEX 1293	-115.9218	21.6571	121.5886
			*MESH_VERTEX 1294	-114.7494	21.7553	121.7525
			*MESH_VERTEX 1295	-111.9709	22.1678	125.8108
			*MESH_VERTEX 1296	-108.2420	24.3297	126.6399
			*MESH_VERTEX 1297	-101.3717	50.5169	128.0860
			*MESH_VERTEX 1298	-102.7813	36.9280	128.0578
			*MESH_VERTEX 1299	-112.1655	22.6455	121.8232
			*MESH_VERTEX 1300	-105.3719	37.1521	125.2496
			*MESH_VERTEX 1301	-107.5232	24.6920	121.4449
			*MESH_VERTEX 1302	-101.8612	52.5787	132.2737
			*MESH_VERTEX 1303	-101.3659	36.4402	126.0792
			*MESH_VERTEX 1304	-98.5587	37.1704	123.6669
			*MESH_VERTEX 1305	-103.9817	45.2907	126.8604
			*MESH_VERTEX 1306	-104.4492	51.3441	127.2059
			*MESH_VERTEX 1307	-110.1193	24.5102	122.9593
			*MESH_VERTEX 1308	-103.9218	31.8910	125.0680
			*MESH_VERTEX 1309	-106.9289	35.4968	123.8979
			*MESH_VERTEX 1310	-109.1042	28.9864	122.2299
			*MESH_VERTEX 1311	-94.7550	50.3189	128.0671
			*MESH_VERTEX 1312	-101.7808	33.0166	123.5993
			*MESH_VERTEX 1313	-114.9639	22.0229	119.1202
			*MESH_VERTEX 1314	-96.9196	44.1791	125.0969
			*MESH_VERTEX 1315	-106.6383	28.2530	123.6857
			*MESH_VERTEX 1316	-95.7316	55.2891	130.9614
			*MESH_VERTEX 1317	-100.7464	56.4376	132.2349
			*MESH_VERTEX 1318	-109.5151	23.5988	118.9580
			*MESH_VERTEX 1319	-111.7981	23.3132	120.4636
			*MESH_VERTEX 1320	-99.4519	33.7529	122.6098
			*MESH_VERTEX 1321	-102.9089	29.4289	121.6071
			*MESH_VERTEX 1322	-101.5021	31.6395	122.0568
			*MESH_VERTEX 1323	-95.6541	53.3385	129.9227
			*MESH_VERTEX 1324	-93.6372	61.0141	120.7588
			*MESH_VERTEX 1325	-99.6941	32.6321	114.7660
			*MESH_VERTEX 1326	-96.2599	42.6360	117.0970
			*MESH_VERTEX 1327	-111.2357	24.0591	113.5071
			*MESH_VERTEX 1328	-104.8790	26.2800	114.3230
			*MESH_VERTEX 1329	-116.4930	22.1208	120.5182
			*MESH_VERTEX 1330	-115.8374	22.1852	119.4062
			*MESH_VERTEX 1331	-115.4807	22.0519	119.0630
			*MESH_VERTEX 1332	-114.4441	22.5486	119.8917
			*MESH_VERTEX 1333	-112.5406	23.4453	120.7756
			*MESH_VERTEX 1334	-110.6813	23.9763	121.1723
			*MESH_VERTEX 1335	-117.2864	21.8866	125.2989
			*MESH_VERTEX 1336	-116.1858	21.6164	125.5676
			*MESH_VERTEX 1337	-113.5199	21.9116	125.6144
			*MESH_VERTEX 1338	-104.2851	26.9618	120.0225
			*MESH_VERTEX 1339	-106.3993	26.5781	121.3905
			*MESH_VERTEX 1340	-106.8522	25.6408	120.3977
			*MESH_VERTEX 1341	-105.0035	28.3549	122.0677
			*MESH_VERTEX 1342	-102.6043	30.9858	122.7259
			*MESH_VERTEX 1343	-101.1266	34.8866	123.8011
			*MESH_VERTEX 1344	-97.8058	45.7813	127.3226
			*MESH_VERTEX 1345	-96.9276	51.7874	129.5392
			*MESH_VERTEX 1346	-111.2558	23.7368	120.6116
			*MESH_VERTEX 1347	-108.4825	24.8527	120.4033
			*MESH_VERTEX 1348	-104.0992	28.9097	121.6150
			*MESH_VERTEX 1349	-117.6272	25.4734	123.7112
			*MESH_VERTEX 1350	-110.8054	28.2472	124.6394
			*MESH_VERTEX 1351	-110.8110	27.5856	125.8145
			*MESH_VERTEX 1352	-113.4202	27.0508	126.7645
			*MESH_VERTEX 1353	-117.6362	27.3354	126.3061
			*MESH_VERTEX 1354	-121.8490	27.0524	126.7616
			*MESH_VERTEX 1355	-124.4491	27.5881	125.8099
			*MESH_VERTEX 1356	-124.4435	28.2497	124.6348
			*MESH_VERTEX 1357	-121.8343	28.7845	123.6850
			*MESH_VERTEX 1358	-117.6182	28.9881	123.3232
			*MESH_VERTEX 1359	-113.4055	28.7829	123.6877
			*MESH_VERTEX 1360	-107.8802	33.6695	126.3200
			*MESH_VERTEX 1361	-107.8882	33.1646	128.4429
			*MESH_VERTEX 1362	-111.6161	32.7565	130.1590
			*MESH_VERTEX 1363	-117.6401	32.9173	129.4829
			*MESH_VERTEX 1364	-123.6592	32.7577	130.1539
			*MESH_VERTEX 1365	-127.3743	33.1666	128.4347
			*MESH_VERTEX 1366	-127.3663	33.6715	126.3118
			*MESH_VERTEX 1367	-123.6384	34.0796	124.5959
			*MESH_VERTEX 1368	-117.6143	34.2350	123.9423
			*MESH_VERTEX 1369	-111.5953	34.0784	124.6009
			*MESH_VERTEX 1370	-105.7063	47.3109	129.1273
			*MESH_VERTEX 1371	-105.7160	46.8657	132.3424
			*MESH_VERTEX 1372	-110.2754	46.5059	134.9413
			*MESH_VERTEX 1373	-117.6430	46.6476	133.9177
			*MESH_VERTEX 1374	-125.0046	46.5070	134.9336
			*MESH_VERTEX 1375	-129.5482	46.8674	132.3299
			*MESH_VERTEX 1376	-129.5385	47.3126	129.1149
			*MESH_VERTEX 1377	-124.9790	47.8436	125.5606
			*MESH_VERTEX 1378	-117.6115	48.0113	124.3999
			*MESH_VERTEX 1379	-110.2499	47.8425	125.5684
			*MESH_VERTEX 1380	-106.8138	56.7459	129.1461
			*MESH_VERTEX 1381	-106.8226	57.0475	131.5484
			*MESH_VERTEX 1382	-110.9585	57.5275	133.5217
			*MESH_VERTEX 1383	-117.6415	57.0927	131.7973
			*MESH_VERTEX 1384	-124.3192	57.5264	133.5158
			*MESH_VERTEX 1385	-128.4407	57.0458	131.5391
			*MESH_VERTEX 1386	-128.4319	56.7444	129.1367
			*MESH_VERTEX 1387	-124.2960	56.3881	125.5285
			*MESH_VERTEX 1388	-117.6129	56.1389	123.0131
			*MESH_VERTEX 1389	-110.9353	56.3889	125.5344
			*MESH_VERTEX 1390	-117.6272	68.8998	119.2650
		}
